,ABCB5,ACOT6,ANAPC2,ANAPC4,ANAPC5,AURKB,BIRC5,CA6,CCNA2,CCT2,CCT3,CCT4,CCT5,CCT6A,CDC23,CDK1,CPA4,DDX42,DHX8,DNA2,DUSP14,EIF4A3,ELMOD3,ESPL1,ETV3,FANCM,HAVCR1,HOXD12,HSPA5,IDUA,KCNG3,KIF23,LBX1,LRR1,NFYB,NFYC,NXF1,PAAF1,POLR1A,POLR1B,POLR2G,PRPF18,PSMA1,PSMA4,PSMA5,PSMA6,PSMB2,PSMB3,PSMB4,PSMB6,PSMB7,PSMC2,PSMC6,PSMD14,PSMD7,RAB3A,RAN,RPA1,SAE1,SIRT6,SOX2,STAR,TCP1,TREM2,UBA2,UFSP2,UNK,VCP,XAB2,ZAP70
ABCB5,1.0,-0.037548553,-0.030017888,-0.024112169,-0.04327555,-0.045432664,-0.02282902,0.888475,-0.04155765,-0.044020608,0.04491122,0.026143892,-0.024656266,-0.023328207,-0.034122225,-0.07226178,0.83863777,0.81885076,0.0045224465,-0.07614039,0.85293275,-0.037147455,0.8998598,-0.05512127,0.90137136,-0.0656399,0.892532,0.88895667,0.012064269,0.8428426,0.8421975,-0.03876225,0.8870762,-0.06277419,-0.059127707,-0.05196731,-0.04758958,0.8355626,0.0533541,0.111766845,-0.006227413,-0.004465181,0.18695821,0.00071112113,0.021303289,0.012971182,0.011134302,0.03670591,0.028649159,0.004096506,0.010010355,-0.009150002,0.035642967,0.04835244,0.02353657,0.8874964,-0.056524232,-0.058763295,0.10811603,0.8741276,0.8800506,-0.073820636,-0.012435587,0.8494427,0.11677027,0.88678163,0.8703553,-0.014162923,0.008272814,0.87628436
ACOT6,-0.037548553,1.0,0.35382155,0.25217208,0.023321936,-0.25685596,-0.2593515,0.024787404,-0.1432863,0.46710843,0.32534695,0.441313,0.305245,0.35104367,0.17112269,-0.134509,0.09590523,0.002197149,0.8323793,-0.2124198,-0.00564244,0.829587,-0.03122378,-0.17019892,0.062247876,-0.18574871,-0.05837602,0.02053458,0.79833096,-0.098324575,-0.01137297,-0.30769765,0.032654997,-0.21799111,-0.26851463,-0.30290607,0.84942126,-0.031423464,-0.031274594,-0.08197588,0.8352647,0.73788685,0.5701822,0.57309985,0.51437294,0.56954914,0.65257084,0.63854283,0.67864585,0.5032729,0.6311024,0.5582338,0.60629195,0.6390983,0.60345936,0.02674923,0.8281755,-0.20989546,0.019481646,-0.00075569947,0.0011544011,-0.16771118,0.38825276,-0.047506943,0.0980232,0.0675585,0.008666034,0.8485254,0.8269435,0.063168496
ANAPC2,-0.030017888,0.35382155,1.0,0.87799245,0.72942847,0.025238706,-0.041308787,-0.015828818,0.4224534,0.26598153,0.16734366,0.2500448,0.2655818,0.29559043,0.8772072,-0.03653764,0.1748965,-0.032751475,0.42932752,-0.15966636,0.09972724,0.28831676,0.04130681,-0.09328029,-0.013783106,-0.08398375,-0.016943743,-0.020590756,0.3992686,-0.014286935,0.009807602,-0.044391166,0.04674382,-0.16250905,-0.3704187,-0.39277995,0.37140065,-0.11154118,0.11380294,-0.022938779,0.35927615,0.45025533,0.1667548,0.24768956,0.15220493,0.17065115,0.1963901,0.24185957,0.28586718,0.12606935,0.23281032,0.23973924,0.30751166,0.2106088,0.21620665,0.07093301,0.4421287,-0.09365863,0.13679829,0.06852176,-0.05154702,0.27662516,0.3155646,-0.025885401,0.24784021,-0.009272947,-0.046111364,0.39212546,0.4737952,0.09238759
ANAPC4,-0.024112169,0.25217208,0.87799245,1.0,0.84164584,0.10268795,0.05007631,-0.033911515,0.58091474,0.28458792,0.20453955,0.25875473,0.293944,0.35225806,0.9167462,0.009994859,0.12420983,-0.091333374,0.28538147,-0.05851961,0.07275394,0.15094598,0.05074971,-0.06113856,-0.02994222,-2.7212314e-05,-0.025722051,-0.041096184,0.28634682,0.04736438,0.024725216,0.017199375,0.05202665,-0.06816024,-0.25848308,-0.28589073,0.23792739,-0.070394196,0.20600861,0.09401618,0.25762242,0.31569657,0.10865008,0.18321928,0.09525777,0.10703625,0.12932576,0.15046299,0.18947558,0.080512196,0.1398685,0.19906467,0.22778557,0.14795306,0.1456292,0.050243255,0.34789178,-0.017291259,0.124690905,0.03748927,-0.058849297,0.45401955,0.34796056,-0.028544549,0.20122187,-0.0335138,-0.021941045,0.27866966,0.3347255,0.08736832
ANAPC5,-0.04327555,0.023321936,0.72942847,0.84164584,1.0,0.28089982,0.19457808,-0.05437114,0.7339683,0.1913593,0.15246893,0.13411655,0.22446159,0.29187164,0.8715501,0.15814847,0.05231136,-0.07434703,0.042618886,0.0984879,0.043122754,-0.053625003,0.02777597,0.07374803,-0.05162266,0.12380497,0.0092951935,-0.044496283,0.03494667,0.07136629,0.042335987,0.16806182,0.040855147,0.0908994,-0.07642755,-0.124451175,0.048192836,-0.020640545,0.23079738,0.13685109,0.029778617,0.09890497,-0.07137523,-0.0075792344,-0.047407962,-0.047059122,-0.044465132,-0.030809486,-0.02100914,-0.055214554,-0.06412336,-0.0048854575,-0.0038563758,-0.054707643,-0.076487795,0.0059108627,0.1859036,0.11991559,0.13338761,0.031771064,-0.03519374,0.6015223,0.28928587,0.018427365,0.087730795,-0.029918162,-0.03085005,0.03602471,0.065082654,0.059312645
AURKB,-0.045432664,-0.25685596,0.025238706,0.10268795,0.28089982,1.0,0.85391283,0.0634048,0.6388459,-0.14230016,-0.2034135,-0.14625509,-0.0995149,-0.07432113,0.17179371,0.7449199,-0.042670812,0.085316606,-0.12568635,0.71853536,0.033201404,-0.24899244,0.05423881,0.82287425,0.0039333724,0.7163446,0.0047471537,0.025854629,-0.2309105,0.13422588,0.058910847,0.8546161,-0.040856477,0.7000973,0.46201062,0.5292704,-0.20744675,0.10364307,0.07394998,0.03616588,-0.25179124,-0.01957377,-0.26588616,-0.28627476,-0.21273966,-0.25632393,-0.27600083,-0.27706596,-0.3416034,-0.19547473,-0.33124635,-0.12962851,-0.28634846,-0.2594521,-0.32003453,-0.023401799,-0.2028291,0.6783613,-0.36837855,0.016634295,0.05839717,0.59731996,-0.09624031,0.084095195,-0.3346023,-0.018220449,0.014351833,-0.25823227,-0.18711874,-0.01899561
BIRC5,-0.02282902,-0.2593515,-0.041308787,0.05007631,0.19457808,0.85391283,1.0,0.04943016,0.58266616,-0.20877065,-0.23512799,-0.20322852,-0.1369577,-0.13397849,0.10851162,0.8434463,-0.04963381,0.07164815,-0.13749021,0.8450326,0.05868414,-0.2502827,0.069871746,0.87923133,0.02280161,0.84289527,0.015488833,0.039175555,-0.23726024,0.15873612,0.11214093,0.8858759,-0.028483534,0.85418344,0.5205651,0.5707209,-0.21194497,0.11106457,0.1035201,0.04871807,-0.2577235,-0.078139395,-0.20932692,-0.23577572,-0.17096807,-0.21323906,-0.2694792,-0.23940404,-0.31164995,-0.17870344,-0.2642947,-0.06957745,-0.22764774,-0.2549016,-0.26621237,0.0077437377,-0.21798939,0.8514894,-0.37621877,0.020673847,0.102087826,0.5932977,-0.15209413,0.055802267,-0.34300208,-0.0026536286,0.053573564,-0.2709969,-0.22808452,-0.017039614
CA6,0.888475,0.024787404,-0.015828818,-0.033911515,-0.05437114,0.0634048,0.04943016,1.0,0.00073847687,-0.040075973,0.005516452,0.036446847,-0.031676576,-0.04775955,-0.0544942,-0.02906321,0.8343568,0.8352173,0.09122745,-0.0043805004,0.83621764,-0.0028729304,0.8725027,0.032318927,0.88111705,0.027515393,0.8593481,0.8907444,0.03879482,0.8593755,0.8592286,0.06787397,0.85542136,-0.0029149696,0.0066606235,0.01671919,-0.01086484,0.8228264,-0.067872144,0.0023866724,0.017628945,0.09746069,0.20664962,0.013979824,0.07024166,0.032184903,0.055410143,0.06723444,0.05802771,0.05214925,0.015267699,0.0030093486,0.01632283,0.07084705,0.020890001,0.83931243,-0.045317635,-0.01320325,-0.015211182,0.8854978,0.856248,-0.07014956,-0.017463783,0.86487883,-0.011215486,0.8866898,0.87918526,0.034888145,0.06132266,0.84672874
CCNA2,-0.04155765,-0.1432863,0.4224534,0.58091474,0.7339683,0.6388459,0.58266616,0.00073847687,1.0,0.017421907,-0.009886046,-0.032630257,0.07971087,0.12476224,0.6420836,0.5222015,-0.01455427,-0.015017921,-0.07290335,0.50712216,0.058135923,-0.20725073,0.070289046,0.4841937,-0.021214962,0.5548221,0.026894897,-0.019473994,-0.17602365,0.16052704,0.08936989,0.53559357,0.004353245,0.48303434,0.3183562,0.3478957,-0.10295132,0.08982359,0.2236627,0.13305089,-0.12303938,0.018765425,-0.13166332,-0.098466754,-0.07200287,-0.12366113,-0.14816827,-0.12559684,-0.14924595,-0.115875624,-0.16674119,0.0036233189,-0.12758999,-0.15433247,-0.18586847,0.0059848446,-0.021957751,0.5171198,-0.20692989,0.015757564,0.039200142,0.8665183,0.12623127,0.06947008,-0.26208705,-0.02646576,0.0022853666,-0.16906404,-0.10283781,0.018230028
CCT2,-0.044020608,0.46710843,0.26598153,0.28458792,0.1913593,-0.14230016,-0.20877065,-0.040075973,0.017421907,1.0,0.8273052,0.82593685,0.8329518,0.8756751,0.19583382,-0.1530422,0.027005536,-0.02875526,0.42948174,-0.116357654,-0.061823197,0.22262342,-0.03842684,-0.16891596,-0.001246219,-0.1154934,-0.09942523,0.026173668,0.34097922,0.014379605,-0.050836135,-0.29053566,0.047949452,-0.123318166,-0.3252003,-0.29927891,0.2041854,0.025857694,0.27467352,0.2291389,0.38987386,0.4188103,0.4808346,0.47158846,0.46504745,0.50611895,0.5694688,0.560242,0.50113267,0.4958507,0.47684732,0.34880883,0.35603124,0.4846493,0.47734377,-0.10226404,0.3866747,-0.17413099,0.16743797,0.02636104,-0.0855062,0.00018807314,0.8897669,-0.00626403,0.18042521,0.01897988,-0.010679928,0.43893605,0.41576496,0.035530508
CCT3,0.04491122,0.32534695,0.16734366,0.20453955,0.15246893,-0.2034135,-0.23512799,0.005516452,-0.009886046,0.8273052,1.0,0.850962,0.8810076,0.8740241,0.13315418,-0.19775254,0.08280773,-0.0020116118,0.24552514,-0.19240388,-0.0005932306,0.14606503,0.00951247,-0.20715731,0.02474899,-0.19373387,-0.010763654,0.06641077,0.20734309,0.07451814,-0.00441621,-0.30264017,0.09678667,-0.18050203,-0.28623092,-0.25445834,0.11767361,0.0284909,0.38119113,0.40739253,0.26348093,0.26150706,0.38582173,0.38885665,0.3731083,0.37818334,0.4469415,0.39973408,0.36955684,0.3923521,0.3614439,0.21193464,0.21058209,0.37887457,0.3874691,-0.036154408,0.29469535,-0.21876568,0.26482657,0.045674127,-0.05160652,-0.044875585,0.8901368,0.03671418,0.23964259,0.069718435,0.032107607,0.26433155,0.25694385,0.09977055
CCT4,0.026143892,0.441313,0.2500448,0.25875473,0.13411655,-0.14625509,-0.20322852,0.036446847,-0.032630257,0.82593685,0.850962,1.0,0.83970124,0.8497128,0.15877375,-0.16814715,0.123974994,0.068076834,0.3931403,-0.15671746,-0.008658138,0.23303792,0.017519545,-0.14468703,0.027590778,-0.14343579,-0.02208531,0.069401085,0.32740474,0.043000188,-0.030027086,-0.287683,0.090584196,-0.15484966,-0.33672228,-0.3043853,0.16942634,0.0085052345,0.24664296,0.26636693,0.37233928,0.42639923,0.5261339,0.50264746,0.4669973,0.49397004,0.5720622,0.54255146,0.48892662,0.5258231,0.502878,0.40316308,0.41401422,0.5028266,0.5275857,-0.018729242,0.3531366,-0.20719016,0.22689992,0.05844283,-0.054130703,-0.08572865,0.86216545,0.023184357,0.26320633,0.07642477,0.041002385,0.3672809,0.39335755,0.097220264
CCT5,-0.024656266,0.305245,0.2655818,0.293944,0.22446159,-0.0995149,-0.1369577,-0.031676576,0.07971087,0.8329518,0.8810076,0.83970124,1.0,0.90186965,0.22293945,-0.09032089,0.035062894,0.0051292935,0.24580652,-0.11003677,-0.0076916674,0.11762016,-0.006858804,-0.115812786,-0.0029514353,-0.103740804,-0.037452348,0.05389843,0.16248879,0.059477247,-0.008404295,-0.19416885,0.061416358,-0.08111831,-0.26923278,-0.2254144,0.08945676,-0.013372449,0.33836827,0.30328143,0.22670299,0.28608707,0.31891572,0.32208943,0.29403502,0.31034324,0.38297775,0.37215468,0.2845684,0.32819423,0.30673084,0.18349397,0.15714854,0.2986505,0.29708812,-0.08711964,0.25422493,-0.13410941,0.16279219,0.05361207,-0.06988251,0.06217837,0.89369273,0.0055551864,0.16738279,0.04104793,-0.00044388045,0.22029538,0.24989407,0.0571813
CCT6A,-0.023328207,0.35104367,0.29559043,0.35225806,0.29187164,-0.07432113,-0.13397849,-0.04775955,0.12476224,0.8756751,0.8740241,0.8497128,0.90186965,1.0,0.26998067,-0.09288877,0.06931351,-0.026292907,0.2789263,-0.0918122,-0.01653125,0.14284235,-0.014694158,-0.15194933,-0.011189463,-0.08054066,-0.065206766,0.027218198,0.23108262,0.057342928,-0.025158793,-0.22490762,0.06437787,-0.08476906,-0.31708634,-0.28785908,0.12698723,-0.0032625422,0.36513454,0.33665916,0.2757529,0.3063216,0.3554115,0.3675828,0.32708314,0.35071123,0.4170519,0.42653403,0.34758916,0.38367063,0.34246114,0.26473555,0.2556403,0.3343921,0.33577815,-0.06984043,0.30380154,-0.1271616,0.22783674,0.039852273,-0.101045325,0.07609077,0.9235349,-0.012286183,0.2494063,0.023939209,-0.002356947,0.2930529,0.29101053,0.061474595
CDC23,-0.034122225,0.17112269,0.8772072,0.9167462,0.8715501,0.17179371,0.10851162,-0.0544942,0.6420836,0.19583382,0.13315418,0.15877375,0.22293945,0.26998067,1.0,0.06447723,0.096631326,-0.077714644,0.22929648,-0.023111627,0.08540833,0.106173575,0.053601857,-0.000926389,-0.04340595,0.02888998,0.0069287308,-0.03130982,0.20426533,0.037573487,0.011330522,0.10183599,0.05830556,-0.045207296,-0.19631802,-0.23623487,0.2083044,-0.04646134,0.21899648,0.093644075,0.20782836,0.27191764,0.023352943,0.122245304,0.040625423,0.062843926,0.047686215,0.085178114,0.124524646,0.01806885,0.06660951,0.12019807,0.15116884,0.03486092,0.059153117,0.03346244,0.2963387,0.033741325,0.10548998,0.04746946,-0.029481024,0.5039963,0.2580676,-0.0034313768,0.14747383,-0.037746802,-0.03864254,0.19950531,0.27308536,0.066696934
CDK1,-0.07226178,-0.134509,-0.03653764,0.009994859,0.15814847,0.7449199,0.8434463,-0.02906321,0.5222015,-0.1530422,-0.19775254,-0.16814715,-0.09032089,-0.09288877,0.06447723,1.0,-0.08795057,0.06144061,-0.10772698,0.8442681,-0.053543165,-0.0924265,-0.0022570896,0.86876017,-0.0047416193,0.81767535,-0.04133644,-0.031137226,-0.18003002,0.06315966,0.04958289,0.7288356,-0.088296674,0.90239936,0.47640133,0.51602066,-0.055397935,0.06728403,0.043837674,-0.013894388,-0.17011996,-0.086919956,-0.15986538,-0.16934478,-0.13395345,-0.16059236,-0.20067914,-0.17090277,-0.24825685,-0.1448,-0.20555842,-0.002885785,-0.16819811,-0.15407945,-0.19642659,-0.0295253,-0.10734734,0.8657773,-0.30728883,-0.048844855,0.03391177,0.5447507,-0.11020549,0.014222029,-0.30208448,-0.03180412,-0.0032060267,-0.17227048,-0.16591357,-0.04922923
CPA4,0.83863777,0.09590523,0.1748965,0.12420983,0.05231136,-0.042670812,-0.04963381,0.8343568,-0.01455427,0.027005536,0.08280773,0.123974994,0.035062894,0.06931351,0.096631326,-0.08795057,1.0,0.8148844,0.13183646,-0.09118194,0.8337188,0.03852477,0.844812,-0.05780756,0.8391794,-0.08507424,0.8127815,0.8418383,0.11263484,0.7950821,0.7758579,-0.053245846,0.83958936,-0.0913153,-0.19642334,-0.1752549,0.049088802,0.7436036,-0.04228684,0.010937253,0.113930136,0.13613045,0.26377636,0.12133172,0.078007296,0.083583094,0.09491871,0.124126576,0.1299083,0.095681265,0.09174198,0.1064743,0.13807304,0.16534258,0.13502814,0.86315155,0.014460176,-0.09823674,0.16568397,0.8607703,0.7959676,-0.109137975,0.0772217,0.8094184,0.20525323,0.8528728,0.8252143,0.113864526,0.14422646,0.8582804
DDX42,0.81885076,0.002197149,-0.032751475,-0.091333374,-0.07434703,0.085316606,0.07164815,0.8352173,-0.015017921,-0.02875526,-0.0020116118,0.068076834,0.0051292935,-0.026292907,-0.077714644,0.06144061,0.8148844,1.0,0.06991331,0.05235369,0.7791759,0.013297599,0.82038,0.09408844,0.851255,0.048976365,0.8347206,0.8715615,0.017973037,0.80988216,0.7666545,0.087549224,0.81426036,0.056123197,-0.009637278,-0.0037982217,-0.02962768,0.7558994,-0.1145695,-0.02557905,0.0038695615,0.08443123,0.24228095,0.032500587,0.08708607,0.045168523,0.08325728,0.08702466,0.055977095,0.07428114,0.038174182,0.062287856,0.034536306,0.06602972,0.033361025,0.790592,-0.035342444,0.006146773,-0.0008173343,0.85823333,0.85873234,-0.026908193,-0.00049982604,0.8538268,0.007887386,0.8659214,0.83067214,0.00021172804,0.06124147,0.79578394
DHX8,0.0045224465,0.8323793,0.42932752,0.28538147,0.042618886,-0.12568635,-0.13749021,0.09122745,-0.07290335,0.42948174,0.24552514,0.3931403,0.24580652,0.2789263,0.22929648,-0.10772698,0.13183646,0.06991331,1.0,-0.16147651,0.074192636,0.7712664,0.03586836,-0.064692035,0.084097974,-0.06899953,-0.03166099,0.07664437,0.8176656,-0.043543,0.051207036,-0.15073153,0.053791,-0.17016535,-0.2819179,-0.28003314,0.793994,0.014048941,-0.09701711,-0.16888246,0.84291536,0.9044572,0.49467522,0.523451,0.46511096,0.5276076,0.5884632,0.6111947,0.6281142,0.42729595,0.5386617,0.50149375,0.6046773,0.54008275,0.51589537,0.054118957,0.74299484,-0.12138475,-0.1283062,0.044053227,0.048554096,-0.10044874,0.36137465,-0.009054414,0.030856526,0.08104674,0.06391796,0.8817106,0.93546534,0.0878696
DNA2,-0.07614039,-0.2124198,-0.15966636,-0.05851961,0.0984879,0.71853536,0.8450326,-0.0043805004,0.50712216,-0.116357654,-0.19240388,-0.15671746,-0.11003677,-0.0918122,-0.023111627,0.8442681,-0.09118194,0.05235369,-0.16147651,1.0,-0.038003564,-0.2575684,-0.004089613,0.807405,-0.008254433,0.8675996,-0.051829472,-0.02175028,-0.2438377,0.09985539,0.049115997,0.7097983,-0.08581723,0.91798127,0.500333,0.533354,-0.23031981,0.10784565,0.09100483,0.028010957,-0.28041533,-0.12745744,-0.1082439,-0.13665919,-0.09950112,-0.15438786,-0.20124885,-0.14021714,-0.23128489,-0.07788445,-0.20309815,0.013857396,-0.1445659,-0.17022471,-0.17478591,-0.04910335,-0.23322742,0.8790128,-0.37481275,-0.032045506,0.050982837,0.5140084,-0.094681546,0.026784128,-0.39191434,-0.037063718,0.0024834438,-0.25683492,-0.27573836,-0.07203561
DUSP14,0.85293275,-0.00564244,0.09972724,0.07275394,0.043122754,0.033201404,0.05868414,0.83621764,0.058135923,-0.061823197,-0.0005932306,-0.008658138,-0.0076916674,-0.01653125,0.08540833,-0.053543165,0.8337188,0.7791759,0.074192636,-0.038003564,1.0,-0.021663528,0.89928424,-0.012237131,0.8505136,-0.0127556175,0.84200794,0.8741696,0.04010285,0.84025294,0.8407221,0.058847077,0.8445026,-0.060362414,-0.0747518,-0.0545051,-0.017788531,0.78201693,0.060741786,0.075025395,0.014851016,0.07087545,0.14805897,-0.042732555,-0.053663075,-0.0637317,-0.030601738,0.006396124,-0.026056994,-0.046792008,-0.040000793,0.012328198,-0.014327264,-0.03532327,-0.032964293,0.86960256,-0.027408013,-0.022932086,0.021017192,0.89047205,0.8361181,0.011950259,-0.003076092,0.83537215,0.056874454,0.84754616,0.85472256,-0.0074232835,0.056152485,0.84646493
EIF4A3,-0.037147455,0.829587,0.28831676,0.15094598,-0.053625003,-0.24899244,-0.2502827,-0.0028729304,-0.20725073,0.22262342,0.14606503,0.23303792,0.11762016,0.14284235,0.106173575,-0.0924265,0.03852477,0.013297599,0.7712664,-0.2575684,-0.021663528,1.0,-0.03103966,-0.13852337,0.025522485,-0.18981752,-0.05685846,-0.012853461,0.7899975,-0.14578223,0.004986245,-0.24166021,0.009461691,-0.22798912,-0.24465156,-0.28313565,0.9243352,-0.08407957,-0.1374667,-0.1411146,0.78998655,0.66454935,0.357029,0.39142868,0.2997239,0.35330838,0.45735076,0.39862055,0.4562683,0.28710318,0.42792732,0.4342843,0.4798548,0.39956522,0.41604537,0.021829162,0.87023854,-0.16897835,0.029099109,-0.043342363,-0.012585531,-0.17413883,0.17084572,-0.06636414,0.10880159,0.034156587,0.009999872,0.7873946,0.8020619,0.009092182
ELMOD3,0.8998598,-0.03122378,0.04130681,0.05074971,0.02777597,0.05423881,0.069871746,0.8725027,0.070289046,-0.03842684,0.00951247,0.017519545,-0.006858804,-0.014694158,0.053601857,-0.0022570896,0.844812,0.82038,0.03586836,-0.004089613,0.89928424,-0.03103966,1.0,0.018343657,0.9047132,0.0035388663,0.8946361,0.89962083,-0.0019047647,0.88240975,0.86588126,0.05232422,0.9038352,-0.02190044,-0.018814368,-0.005995392,-0.02312262,0.8446767,0.028464263,0.08949846,-0.0050794096,0.015871225,0.12053274,-0.057829857,-0.04035774,-0.079882644,-0.05100454,-0.030279422,-0.042988107,-0.06104423,-0.062126223,-0.005491868,-0.011827412,-0.019707704,-0.032422643,0.886758,-0.038820792,0.005944531,-0.0040004915,0.90452296,0.88788044,0.03651846,-0.01128356,0.8945328,0.014478436,0.8944738,0.8923369,-0.02423099,0.019129248,0.89802456
ESPL1,-0.05512127,-0.17019892,-0.09328029,-0.06113856,0.07374803,0.82287425,0.87923133,0.032318927,0.4841937,-0.16891596,-0.20715731,-0.14468703,-0.115812786,-0.15194933,-0.000926389,0.86876017,-0.05780756,0.09408844,-0.064692035,0.807405,-0.012237131,-0.13852337,0.018343657,1.0,0.0047547654,0.78451777,-0.011613121,0.017433086,-0.18192352,0.08211768,0.04196845,0.85495275,-0.078520246,0.83684963,0.5122189,0.5354539,-0.12848562,0.0769101,-0.015687808,-0.05087773,-0.17286785,-0.0043348907,-0.11038543,-0.13616748,-0.078740545,-0.11982195,-0.14029022,-0.14533418,-0.22418684,-0.07587741,-0.15270336,0.014019752,-0.19054672,-0.10596956,-0.15997346,-0.015181048,-0.17604002,0.79277855,-0.32936832,-0.022346962,0.062699065,0.4970795,-0.14183623,0.053253453,-0.31630242,-0.016438453,0.016683007,-0.16912976,-0.14032437,-0.043208458
ETV3,0.90137136,0.062247876,-0.013783106,-0.02994222,-0.05162266,0.0039333724,0.02280161,0.88111705,-0.021214962,-0.001246219,0.02474899,0.027590778,-0.0029514353,-0.011189463,-0.04340595,-0.0047416193,0.8391794,0.851255,0.084097974,-0.008254433,0.8505136,0.025522485,0.9047132,0.0047547654,1.0,-0.008731851,0.878408,0.91237235,0.06989288,0.85856247,0.8341316,-0.00041004352,0.8991377,-0.017143158,0.008039972,0.008201394,0.023238713,0.8500358,-0.044647153,-0.011810066,0.047905773,0.047766507,0.21380933,0.026589386,0.05239442,0.029532824,0.050419703,0.08278966,0.06495629,0.04291348,0.029078923,0.014871755,0.03569818,0.08664785,0.038331363,0.86021954,0.00992731,-0.015343408,-0.007957134,0.8869947,0.9055196,-0.03652546,0.010693243,0.8819295,0.011706854,0.9082543,0.9021331,0.05421636,0.060467307,0.85455567
FANCM,-0.0656399,-0.18574871,-0.08398375,-2.7212314e-05,0.12380497,0.7163446,0.84289527,0.027515393,0.5548221,-0.1154934,-0.19373387,-0.14343579,-0.103740804,-0.08054066,0.02888998,0.81767535,-0.08507424,0.048976365,-0.06899953,0.8675996,-0.0127556175,-0.18981752,0.0035388663,0.78451777,-0.008731851,1.0,-0.06545794,-0.01837481,-0.18483445,0.13064142,0.11242571,0.7047561,-0.09764344,0.8729995,0.5660716,0.6051494,-0.15835343,0.11821895,0.073009975,0.021279663,-0.15793447,-0.011369825,-0.11806784,-0.11959899,-0.092809096,-0.12002955,-0.16262792,-0.11398958,-0.21535482,-0.11248711,-0.2029469,0.06938927,-0.102540806,-0.15520285,-0.16966072,-0.034527108,-0.17500253,0.8906544,-0.3950363,-0.040930033,0.03971167,0.5808766,-0.07196864,0.020191312,-0.37230033,-0.05037858,0.033206653,-0.17850836,-0.17364363,-0.068151064
HAVCR1,0.892532,-0.05837602,-0.016943743,-0.025722051,0.0092951935,0.0047471537,0.015488833,0.8593481,0.026894897,-0.09942523,-0.010763654,-0.02208531,-0.037452348,-0.065206766,0.0069287308,-0.04133644,0.8127815,0.8347206,-0.03166099,-0.051829472,0.84200794,-0.05685846,0.8946361,-0.011613121,0.878408,-0.06545794,1.0,0.8940181,-0.027244879,0.84169936,0.8229739,0.035348065,0.88853246,-0.048776064,0.02573055,0.008223472,-0.07022682,0.80480915,-0.006440743,0.052754056,-0.04126595,-0.048101295,0.13323206,-0.04205436,-0.051435415,-0.056667116,-0.054453596,-0.011243099,-0.034378607,-0.035508618,-0.04144476,-0.060259663,-0.048804037,-0.04163158,-0.04716614,0.8601213,-0.05740742,-0.03669271,0.114099644,0.875035,0.8852032,-0.014642613,-0.045773037,0.86812025,0.07882945,0.8953786,0.8525285,-0.0737761,-0.03896727,0.85829747
HOXD12,0.88895667,0.02053458,-0.020590756,-0.041096184,-0.044496283,0.025854629,0.039175555,0.8907444,-0.019473994,0.026173668,0.06641077,0.069401085,0.05389843,0.027218198,-0.03130982,-0.031137226,0.8418383,0.8715615,0.07664437,-0.02175028,0.8741696,-0.012853461,0.89962083,0.017433086,0.91237235,-0.01837481,0.8940181,1.0,0.040468715,0.8582393,0.83495677,0.045067884,0.8981586,-0.024031172,-0.0321211,-0.038490485,-0.025975341,0.8479787,-0.048410013,0.020065174,0.018041516,0.05178393,0.17605525,-0.003825489,0.019208733,-0.0071451976,0.012661126,0.055736315,0.028202422,0.019564524,-0.0079580415,-0.025162112,0.0069375355,0.014276961,1.0869931e-05,0.84675246,-0.009114053,-0.03304796,0.014422324,0.8985318,0.9094106,-0.064153805,0.04336427,0.88480335,0.0079037445,0.9257744,0.90483344,0.027012799,0.065312006,0.85441285
HSPA5,0.012064269,0.79833096,0.3992686,0.28634682,0.03494667,-0.2309105,-0.23726024,0.03879482,-0.17602365,0.34097922,0.20734309,0.32740474,0.16248879,0.23108262,0.20426533,-0.18003002,0.11263484,0.017973037,0.8176656,-0.2438377,0.04010285,0.7899975,-0.0019047647,-0.18192352,0.06989288,-0.18483445,-0.027244879,0.040468715,1.0,-0.088105686,0.007931976,-0.25892836,0.062551595,-0.25982872,-0.3227156,-0.3601796,0.771219,-0.0603297,-0.12082545,-0.16045056,0.77247405,0.72632134,0.4774131,0.5061466,0.40507388,0.46704283,0.53869504,0.5439261,0.58548087,0.41452327,0.52130294,0.51548725,0.61009467,0.51415765,0.53485155,0.0701232,0.764424,-0.18518679,0.051588483,-0.007544019,0.013447424,-0.18633835,0.2530416,-0.048878204,0.22000706,0.058878455,0.043581706,0.86928517,0.84114724,0.046291202
IDUA,0.8428426,-0.098324575,-0.014286935,0.04736438,0.07136629,0.13422588,0.15873612,0.8593755,0.16052704,0.014379605,0.07451814,0.043000188,0.059477247,0.057342928,0.037573487,0.06315966,0.7950821,0.80988216,-0.043543,0.09985539,0.84025294,-0.14578223,0.88240975,0.08211768,0.85856247,0.13064142,0.84169936,0.8582393,-0.088105686,1.0,0.8410998,0.12967415,0.8650513,0.096098244,0.025577227,0.07063927,-0.13067102,0.834731,0.04716572,0.10397184,-0.056031205,-0.026938418,0.10241115,-0.048904646,0.003975175,-0.043703116,-0.038553193,-0.005592458,-0.05774946,-0.034047913,-0.07521694,-0.0368665,-0.07997008,-0.04633245,-0.07709003,0.815646,-0.122574486,0.085468896,0.03206157,0.87878406,0.84203905,0.1319177,0.06828471,0.88268745,0.010700238,0.8478683,0.8525987,-0.1024764,-0.07061056,0.83456504
KCNG3,0.8421975,-0.01137297,0.009807602,0.024725216,0.042335987,0.058910847,0.11214093,0.8592286,0.08936989,-0.050836135,-0.00441621,-0.030027086,-0.008404295,-0.025158793,0.011330522,0.04958289,0.7758579,0.7666545,0.051207036,0.049115997,0.8407221,0.004986245,0.86588126,0.04196845,0.8341316,0.11242571,0.8229739,0.83495677,0.007931976,0.8410998,1.0,0.082754314,0.818035,0.078271754,0.07909642,0.083096944,0.02903739,0.81353843,0.025501762,0.058473445,0.010874787,0.02663072,0.115733206,-0.03929486,-0.04305599,-0.043489125,-0.020974694,-0.027249219,-0.039868467,-0.06758393,-0.073826276,0.009988416,-0.01635367,-0.014553836,-0.041748684,0.83497006,-0.007357504,0.09287089,-0.056362264,0.83616024,0.8371903,0.08502925,-0.008440134,0.81685245,-0.052971587,0.86276126,0.8570206,0.0037725824,0.016890736,0.8247148
KIF23,-0.03876225,-0.30769765,-0.044391166,0.017199375,0.16806182,0.8546161,0.8858759,0.06787397,0.53559357,-0.29053566,-0.30264017,-0.287683,-0.19416885,-0.22490762,0.10183599,0.7288356,-0.053245846,0.087549224,-0.15073153,0.7097983,0.058847077,-0.24166021,0.05232422,0.85495275,-0.00041004352,0.7047561,0.035348065,0.045067884,-0.25892836,0.12967415,0.082754314,1.0,-0.045929164,0.7056791,0.474114,0.52626866,-0.22664878,0.04947076,0.0011536954,-0.022986935,-0.29727173,-0.06529924,-0.31472006,-0.31756565,-0.23479508,-0.29743376,-0.32975444,-0.32554418,-0.3848542,-0.23706058,-0.3505569,-0.14269276,-0.33973262,-0.33017498,-0.35021004,-0.0038104986,-0.25529432,0.6786632,-0.35251248,0.03443865,0.0931283,0.5346124,-0.24328266,0.07098442,-0.32353422,-0.0064613707,0.008965534,-0.29856417,-0.2283895,-0.034922894
LBX1,0.8870762,0.032654997,0.04674382,0.05202665,0.040855147,-0.040856477,-0.028483534,0.85542136,0.004353245,0.047949452,0.09678667,0.090584196,0.061416358,0.06437787,0.05830556,-0.088296674,0.83958936,0.81426036,0.053791,-0.08581723,0.8445026,0.009461691,0.9038352,-0.078520246,0.8991377,-0.09764344,0.88853246,0.8981586,0.062551595,0.8650513,0.818035,-0.045929164,1.0,-0.09246625,-0.09240551,-0.10698638,0.013717646,0.8323926,0.0035305908,0.07571301,0.039913107,0.030316692,0.17067032,-0.01280123,-0.0013120284,-0.010696356,0.0016323465,0.0077827577,0.011411319,-0.0001851822,0.003909464,-0.034954797,-0.008043549,0.0126558775,-0.004077828,0.86488545,0.042233933,-0.07399992,0.12534551,0.88333833,0.8781435,-0.060605157,0.07571965,0.8679919,0.096335545,0.9030508,0.87880296,0.0423892,0.056301944,0.86485523
LRR1,-0.06277419,-0.21799111,-0.16250905,-0.06816024,0.0908994,0.7000973,0.85418344,-0.0029149696,0.48303434,-0.123318166,-0.18050203,-0.15484966,-0.08111831,-0.08476906,-0.045207296,0.90239936,-0.0913153,0.056123197,-0.17016535,0.91798127,-0.060362414,-0.22798912,-0.02190044,0.83684963,-0.017143158,0.8729995,-0.048776064,-0.024031172,-0.25982872,0.096098244,0.078271754,0.7056791,-0.09246625,1.0,0.5192204,0.5394683,-0.19825006,0.106051885,0.085383765,0.0069263307,-0.2399253,-0.14415196,-0.09966587,-0.13879608,-0.087655015,-0.12604316,-0.18370494,-0.13322712,-0.2417874,-0.08867585,-0.19504297,0.0007026349,-0.14763714,-0.1354598,-0.17103036,-0.0359675,-0.23082843,0.89815706,-0.29512239,-0.0440375,0.04127582,0.4951708,-0.08266553,0.0075950916,-0.3243821,-0.023079565,0.016613867,-0.23806056,-0.26083273,-0.065830715
NFYB,-0.059127707,-0.26851463,-0.3704187,-0.25848308,-0.07642755,0.46201062,0.5205651,0.0066606235,0.3183562,-0.3252003,-0.28623092,-0.33672228,-0.26923278,-0.31708634,-0.19631802,0.47640133,-0.19642334,-0.009637278,-0.2819179,0.500333,-0.0747518,-0.24465156,-0.018814368,0.5122189,0.008039972,0.5660716,0.02573055,-0.0321211,-0.3227156,0.025577227,0.07909642,0.474114,-0.09240551,0.5192204,1.0,0.8515909,-0.22870667,0.110514775,0.067551136,0.0021836665,-0.3053469,-0.28622204,-0.12470037,-0.12957722,-0.05906277,-0.093612984,-0.17943913,-0.20435804,-0.21541536,-0.09413833,-0.19028322,-0.07883473,-0.24981236,-0.17824067,-0.18818583,-0.032521673,-0.24984905,0.5769565,-0.43896803,-0.110864386,0.079478376,0.38224313,-0.28214642,-0.012901064,-0.5272147,-0.007066989,0.045446664,-0.33224642,-0.35705116,-0.07057203
NFYC,-0.05196731,-0.30290607,-0.39277995,-0.28589073,-0.124451175,0.5292704,0.5707209,0.01671919,0.3478957,-0.29927891,-0.25445834,-0.3043853,-0.2254144,-0.28785908,-0.23623487,0.51602066,-0.1752549,-0.0037982217,-0.28003314,0.533354,-0.0545051,-0.28313565,-0.005995392,0.5354539,0.008201394,0.6051494,0.008223472,-0.038490485,-0.3601796,0.07063927,0.083096944,0.52626866,-0.10698638,0.5394683,0.8515909,1.0,-0.27260205,0.1364101,0.044146076,-0.02508369,-0.3278543,-0.2534293,-0.21144325,-0.19822194,-0.107478045,-0.14946014,-0.23262908,-0.25297895,-0.28499907,-0.16767046,-0.26862925,-0.1057325,-0.30304596,-0.24034029,-0.24160813,-0.057547223,-0.2958758,0.585513,-0.53912735,-0.08418389,0.05185404,0.40084448,-0.24562353,-0.0022949046,-0.5617996,-0.054812282,0.0069235973,-0.383566,-0.3779294,-0.07487103
NXF1,-0.04758958,0.84942126,0.37140065,0.23792739,0.048192836,-0.20744675,-0.21194497,-0.01086484,-0.10295132,0.2041854,0.11767361,0.16942634,0.08945676,0.12698723,0.2083044,-0.055397935,0.049088802,-0.02962768,0.793994,-0.23031981,-0.017788531,0.9243352,-0.02312262,-0.12848562,0.023238713,-0.15835343,-0.07022682,-0.025975341,0.771219,-0.13067102,0.02903739,-0.22664878,0.013717646,-0.19825006,-0.22870667,-0.27260205,1.0,-0.056478966,-0.11630043,-0.1528105,0.82861906,0.69430417,0.3025023,0.35764354,0.26810265,0.34848535,0.4108709,0.35672075,0.4457536,0.22162583,0.38357884,0.37927216,0.46862668,0.39887166,0.37279075,0.03407228,0.8411123,-0.14515027,-0.018703135,-0.06022199,-0.0051547615,-0.106724665,0.1624799,-0.06660966,0.04848041,0.026046429,-0.0035368854,0.8334475,0.8261045,0.044208948
PAAF1,0.8355626,-0.031423464,-0.11154118,-0.070394196,-0.020640545,0.10364307,0.11106457,0.8228264,0.08982359,0.025857694,0.0284909,0.0085052345,-0.013372449,-0.0032625422,-0.04646134,0.06728403,0.7436036,0.7558994,0.014048941,0.10784565,0.78201693,-0.08407957,0.8446767,0.0769101,0.8500358,0.11821895,0.80480915,0.8479787,-0.0603297,0.834731,0.81353843,0.04947076,0.8323926,0.106051885,0.110514775,0.1364101,-0.056478966,1.0,0.028973483,0.053612895,-0.01677451,-0.014880909,0.12450713,-0.044303015,-0.04274079,-0.013743191,-0.032591924,0.011336164,-0.03649097,-0.033874664,-0.08622503,-0.028427837,-0.022716664,-0.011174075,-0.040743895,0.7805514,-0.057216454,0.12559578,-0.068409845,0.81330025,0.8278463,0.061063766,0.023765843,0.8252455,-0.1194346,0.81348974,0.8519243,-0.021768847,-0.026496656,0.81783164
POLR1A,0.0533541,-0.031274594,0.11380294,0.20600861,0.23079738,0.07394998,0.1035201,-0.067872144,0.2236627,0.27467352,0.38119113,0.24664296,0.33836827,0.36513454,0.21899648,0.043837674,-0.04228684,-0.1145695,-0.09701711,0.09100483,0.060741786,-0.1374667,0.028464263,-0.015687808,-0.044647153,0.073009975,-0.006440743,-0.048410013,-0.12082545,0.04716572,0.025501762,0.0011536954,0.0035305908,0.085383765,0.067551136,0.044146076,-0.11630043,0.028973483,1.0,0.8507945,-0.051048134,-0.059596244,-0.0034878594,0.058855113,-0.0088820495,0.021513306,-0.029160757,0.020760119,-0.021086851,0.019769698,0.032112032,0.013936248,-0.0017110398,-0.012524294,0.022056477,0.046409655,-0.020844258,0.1121037,0.14730407,-0.011454342,-0.02018894,0.2034916,0.3468199,-0.0447072,0.13329254,-0.028685922,-0.04350755,-0.16034728,-0.10971015,0.09231033
POLR1B,0.111766845,-0.08197588,-0.022938779,0.09401618,0.13685109,0.03616588,0.04871807,0.0023866724,0.13305089,0.2291389,0.40739253,0.26636693,0.30328143,0.33665916,0.093644075,-0.013894388,0.010937253,-0.02557905,-0.16888246,0.028010957,0.075025395,-0.1411146,0.08949846,-0.05087773,-0.011810066,0.021279663,0.052754056,0.020065174,-0.16045056,0.10397184,0.058473445,-0.022986935,0.07571301,0.0069263307,0.0021836665,-0.02508369,-0.1528105,0.053612895,0.8507945,1.0,-0.101077415,-0.10767407,-0.05670744,-0.03060663,-0.05179856,-0.07293266,-0.06986956,-0.08768095,-0.10178047,-0.04603839,-0.055586033,-0.014672602,-0.04725047,-0.070878804,-0.028725669,0.07077844,-0.038475245,0.018908,0.23469391,0.0422822,0.02641765,0.12667724,0.3098218,0.06691004,0.18583968,0.029826883,0.022381973,-0.20209047,-0.16254228,0.13428855
POLR2G,-0.006227413,0.8352647,0.35927615,0.25762242,0.029778617,-0.25179124,-0.2577235,0.017628945,-0.12303938,0.38987386,0.26348093,0.37233928,0.22670299,0.2757529,0.20782836,-0.17011996,0.113930136,0.0038695615,0.84291536,-0.28041533,0.014851016,0.78998655,-0.0050794096,-0.17286785,0.047905773,-0.15793447,-0.04126595,0.018041516,0.77247405,-0.056031205,0.010874787,-0.29727173,0.039913107,-0.2399253,-0.3053469,-0.3278543,0.82861906,-0.01677451,-0.051048134,-0.101077415,1.0,0.7623747,0.47420767,0.545536,0.45057714,0.54873794,0.5722199,0.59098405,0.6194933,0.3995015,0.56050116,0.5182563,0.6615068,0.5418001,0.5553983,0.062059168,0.7450621,-0.21519713,0.07771883,-0.00912612,0.021792728,-0.15391085,0.32680792,-0.0392403,0.19977193,0.04310065,0.046490148,0.8303169,0.8631445,0.05894414
PRPF18,-0.004465181,0.73788685,0.45025533,0.31569657,0.09890497,-0.01957377,-0.078139395,0.09746069,0.018765425,0.4188103,0.26150706,0.42639923,0.28608707,0.3063216,0.27191764,-0.086919956,0.13613045,0.08443123,0.9044572,-0.12745744,0.07087545,0.66454935,0.015871225,-0.0043348907,0.047766507,-0.011369825,-0.048101295,0.05178393,0.72632134,-0.026938418,0.02663072,-0.06529924,0.030316692,-0.14415196,-0.28622204,-0.2534293,0.69430417,-0.014880909,-0.059596244,-0.10767407,0.7623747,1.0,0.46792236,0.49871403,0.4649168,0.5105979,0.57565546,0.57718384,0.58018416,0.43375966,0.50757,0.48447657,0.5308215,0.5297058,0.4733183,0.025253847,0.6284447,-0.10691071,-0.14409229,0.03442398,0.025495244,-0.029048968,0.38481405,-0.002434514,0.035932347,0.039715514,0.037801318,0.80600286,0.8736849,0.05537619
PSMA1,0.18695821,0.5701822,0.1667548,0.10865008,-0.07137523,-0.26588616,-0.20932692,0.20664962,-0.13166332,0.4808346,0.38582173,0.5261339,0.31891572,0.3554115,0.023352943,-0.15986538,0.26377636,0.24228095,0.49467522,-0.1082439,0.14805897,0.357029,0.12053274,-0.11038543,0.21380933,-0.11806784,0.13323206,0.17605525,0.4774131,0.10241115,0.115733206,-0.31472006,0.17067032,-0.09966587,-0.12470037,-0.21144325,0.3025023,0.12450713,-0.0034878594,-0.05670744,0.47420767,0.46792236,1.0,0.83623415,0.8217318,0.83264625,0.873613,0.86373794,0.8638494,0.8567897,0.8695242,0.7273023,0.7088116,0.8177175,0.8454589,0.22133677,0.3461176,-0.12246908,0.14401999,0.18133539,0.16978829,-0.18367712,0.4083744,0.11197166,0.17197165,0.21585539,0.20498696,0.49881902,0.48000392,0.20128416
PSMA4,0.00071112113,0.57309985,0.24768956,0.18321928,-0.0075792344,-0.28627476,-0.23577572,0.013979824,-0.098466754,0.47158846,0.38885665,0.50264746,0.32208943,0.3675828,0.122245304,-0.16934478,0.12133172,0.032500587,0.523451,-0.13665919,-0.042732555,0.39142868,-0.057829857,-0.13616748,0.026589386,-0.11959899,-0.04205436,-0.003825489,0.5061466,-0.048904646,-0.03929486,-0.31756565,-0.01280123,-0.13879608,-0.12957722,-0.19822194,0.35764354,-0.044303015,0.058855113,-0.03060663,0.545536,0.49871403,0.83623415,1.0,0.83821976,0.9017427,0.87080127,0.88457453,0.89773965,0.887546,0.8780314,0.7365864,0.7513202,0.7527635,0.8406459,0.07983333,0.38956818,-0.103219375,0.14033297,-0.018533792,-0.0022868847,-0.15232411,0.4250776,-0.06293234,0.19062485,0.014781342,0.018448483,0.5255691,0.5141741,0.058207233
PSMA5,0.021303289,0.51437294,0.15220493,0.09525777,-0.047407962,-0.21273966,-0.17096807,0.07024166,-0.07200287,0.46504745,0.3731083,0.4669973,0.29403502,0.32708314,0.040625423,-0.13395345,0.078007296,0.08708607,0.46511096,-0.09950112,-0.053663075,0.2997239,-0.04035774,-0.078740545,0.05239442,-0.092809096,-0.051435415,0.019208733,0.40507388,0.003975175,-0.04305599,-0.23479508,-0.0013120284,-0.087655015,-0.05906277,-0.107478045,0.26810265,-0.04274079,-0.0088820495,-0.05179856,0.45057714,0.4649168,0.8217318,0.83821976,1.0,0.8849799,0.88618,0.8592234,0.8789008,0.8503616,0.8636048,0.6723307,0.6576173,0.76028806,0.7994122,0.039503314,0.28677967,-0.12006782,0.049278866,0.024691483,0.019595163,-0.12106882,0.3980421,-0.020528028,0.081082255,0.030993938,0.0019242102,0.45897263,0.45126286,0.025094148
PSMA6,0.012971182,0.56954914,0.17065115,0.10703625,-0.047059122,-0.25632393,-0.21323906,0.032184903,-0.12366113,0.50611895,0.37818334,0.49397004,0.31034324,0.35071123,0.062843926,-0.16059236,0.083583094,0.045168523,0.5276076,-0.15438786,-0.0637317,0.35330838,-0.079882644,-0.11982195,0.029532824,-0.12002955,-0.056667116,-0.0071451976,0.46704283,-0.043703116,-0.043489125,-0.29743376,-0.010696356,-0.12604316,-0.093612984,-0.14946014,0.34848535,-0.013743191,0.021513306,-0.07293266,0.54873794,0.5105979,0.83264625,0.9017427,0.8849799,1.0,0.90201646,0.89404136,0.9119475,0.87435585,0.88915354,0.6908766,0.7315067,0.79544884,0.8476563,0.04153256,0.3490829,-0.13156854,0.09945282,-0.012070344,-0.0036840183,-0.1596825,0.40958026,-0.07056615,0.13571195,0.0016168621,-0.0027195339,0.5436349,0.522143,0.03216329
PSMB2,0.011134302,0.65257084,0.1963901,0.12932576,-0.044465132,-0.27600083,-0.2694792,0.055410143,-0.14816827,0.5694688,0.4469415,0.5720622,0.38297775,0.4170519,0.047686215,-0.20067914,0.09491871,0.08325728,0.5884632,-0.20124885,-0.030601738,0.45735076,-0.05100454,-0.14029022,0.050419703,-0.16262792,-0.054453596,0.012661126,0.53869504,-0.038553193,-0.020974694,-0.32975444,0.0016323465,-0.18370494,-0.17943913,-0.23262908,0.4108709,-0.032591924,-0.029160757,-0.06986956,0.5722199,0.57565546,0.873613,0.87080127,0.88618,0.90201646,1.0,0.89814794,0.9031274,0.88338166,0.89603186,0.75441754,0.69751275,0.81660604,0.8540094,0.025239091,0.4525471,-0.20442581,0.11208857,0.022126617,-0.0067683607,-0.15141983,0.47244784,-0.024824165,0.15842609,0.0350808,0.016837124,0.58953434,0.5745113,0.041554023
PSMB3,0.03670591,0.63854283,0.24185957,0.15046299,-0.030809486,-0.27706596,-0.23940404,0.06723444,-0.12559684,0.560242,0.39973408,0.54255146,0.37215468,0.42653403,0.085178114,-0.17090277,0.124126576,0.08702466,0.6111947,-0.14021714,0.006396124,0.39862055,-0.030279422,-0.14533418,0.08278966,-0.11398958,-0.011243099,0.055736315,0.5439261,-0.005592458,-0.027249219,-0.32554418,0.0077827577,-0.13322712,-0.20435804,-0.25297895,0.35672075,0.011336164,0.020760119,-0.08768095,0.59098405,0.57718384,0.86373794,0.88457453,0.8592234,0.89404136,0.89814794,1.0,0.9206425,0.8690747,0.89610606,0.73106587,0.7586819,0.7903747,0.835165,0.05541236,0.40507203,-0.13403204,0.105623476,0.04933763,0.02426886,-0.18003577,0.4754818,-0.033664368,0.17810288,0.049564462,0.037620157,0.59667236,0.5800751,0.060104508
PSMB4,0.028649159,0.67864585,0.28586718,0.18947558,-0.02100914,-0.3416034,-0.31164995,0.05802771,-0.14924595,0.50113267,0.36955684,0.48892662,0.2845684,0.34758916,0.124524646,-0.24825685,0.1299083,0.055977095,0.6281142,-0.23128489,-0.026056994,0.4562683,-0.042988107,-0.22418684,0.06495629,-0.21535482,-0.034378607,0.028202422,0.58548087,-0.05774946,-0.039868467,-0.3848542,0.011411319,-0.2417874,-0.21541536,-0.28499907,0.4457536,-0.03649097,-0.021086851,-0.10178047,0.6194933,0.58018416,0.8638494,0.89773965,0.8789008,0.9119475,0.9031274,0.9206425,1.0,0.86341184,0.91146165,0.70930344,0.7851215,0.8264929,0.86717385,0.06184575,0.45790976,-0.22451112,0.09731988,0.017716516,0.013958343,-0.22666566,0.39579463,-0.037302755,0.15748833,0.047762007,0.0032136883,0.6392626,0.62798333,0.05435122
