,ABCG8,ACVRL1,ARFIP2,ARHGAP8,ARHGEF9,ATCAY,ATG7,B4GALNT2,CAMKV,CCL14,CDK16,CDKN1B,CDKN2C,CDKN2D,CERT1,CPEB4,CRACR2B,CT83,CYP1A2,DUSP10,DUSP6,DYRK1B,E2F6,EML1,EPHX1,FAM114A1,FAM32A,FAM9A,FMR1NB,FSCN2,GADD45B,GALNT5,GPC1,GPR173,GRK2,GSK3A,GULP1,HOOK1,HOOK2,ITGB1BP2,LSMEM2,LZTS2,MAP3K9,MAP4K4,MAPKAPK5,MARCKSL1,MGLL,MSN,MYT1,NDE1,NDEL1,NEMP1,NPR2,NTS,OPA3,OR10G8,PAFAH1B1,PAFAH1B2,PAFAH1B3,PI4KB,PIP4K2A,PNPLA6,POLR1D,PROSER2,PRR14,PRR15,PRUNE1,PTPN5,RAF1,RBM26,RFTN1,RIBC1,RNF41,RP2,SCAMP2,SDC2,SLC25A48,SPATA25,SPEG,SRPK2,ST8SIA3,STK38,STK38L,STYK1,SUN2,TAPBPL,TFDP1,TMED8,TMEM179B,TMPO,TMX4,TOR1AIP2,TOR1B,TSSK4
ABCG8,1.0,-0.0066166297,0.07114049,0.029410258,-0.088832274,0.20574802,-0.021011034,-0.001261387,-0.015397543,0.082936496,0.1161762,0.18091843,0.18576011,0.17959508,0.08399143,0.35933867,0.18930253,0.019713823,0.46403313,-0.01654417,-0.05063478,0.09616651,0.131758,0.033397693,0.51603746,0.1600766,-0.20839643,0.0044531785,0.53146195,0.030009964,0.03518101,0.025878934,0.2030371,0.05308581,0.13680476,0.09584109,-0.0010592192,0.18006492,0.12840554,-0.06092081,-0.35913876,-0.13327649,-0.07180234,-0.022520084,-0.028047688,0.024459349,0.13668406,0.04327031,-0.056503672,-0.11321968,-0.12571985,-0.4456809,0.45748603,0.048058644,-0.0436644,0.061026067,-0.12890866,0.13234833,0.105827436,0.055470407,-0.26512194,0.3497421,-0.009775974,0.129819,-0.37383214,0.030244194,-0.12420347,0.5134263,0.1383848,-0.0016415622,-0.0062098093,0.40970826,0.13248408,0.0008086823,-0.0026504938,0.21485862,-0.044543434,-0.02027588,-0.010256066,0.3707087,0.1354964,0.0768001,0.07032275,0.552262,-0.40950215,0.049542144,-0.10824306,0.33940318,0.14017576,-0.479119,0.520602,0.4823953,0.3499503,0.028796753
ACVRL1,-0.0066166297,1.0,-0.07018088,-0.052911803,0.25241354,-0.043175608,0.057226844,-0.1570915,0.221371,0.017380007,0.19030514,-0.057866205,-0.061582256,0.0034257174,0.12720834,0.019961208,-0.1000185,-0.0030924967,0.08223669,0.51258516,0.34325278,-0.061521515,-0.073222205,0.020895135,-0.0020705462,-0.12669915,0.12466372,0.07901888,-0.02776556,0.037857234,-0.47741076,0.11841575,-0.045425106,0.074819006,-0.050583743,0.13442078,0.13774185,-0.20947757,-0.13603996,-0.03526227,0.06350273,0.22206765,-0.27430832,-0.01736548,-0.12607129,0.08285269,0.04879632,-0.005131632,0.26981902,0.13365558,0.11636246,-0.0076811165,0.062491328,0.053383917,0.03180927,-0.048009235,0.14772482,0.011840429,-0.023458844,0.042338207,0.29185984,0.041537814,-0.040858418,0.11438911,-0.1780662,0.061104354,0.017699502,0.11743267,-0.33695439,-0.033666093,0.04923877,-0.12006191,-0.1492287,0.024164427,0.058678605,-0.017710079,0.09006435,0.053522848,-0.1229267,0.025429077,-0.18724513,-0.014466339,0.08786984,0.08416169,0.13925615,-0.045430943,0.08311872,-0.108061835,0.10364069,-0.06513405,0.038510624,0.010617845,-0.10901725,0.0755673
ARFIP2,0.07114049,-0.07018088,1.0,0.015141472,-0.11825311,0.24850908,0.04095806,0.30350572,-0.39060575,-0.036953557,0.22443765,-0.18342364,-0.1614511,-0.13319987,-0.49470192,0.123601295,0.32767957,-0.0022926312,0.1411288,0.04252301,-0.06944634,-0.08765014,-0.22396019,0.08535537,0.05965279,0.42519838,0.086137354,-0.03563803,0.071339846,-0.027964914,-0.0056446455,-0.360377,0.31250033,0.4160358,0.05837567,-0.14674063,0.0044015422,0.2170275,0.23716602,0.0422477,-0.11959477,-0.053079758,0.106267735,0.22074568,-0.20040825,-0.5091732,0.0091912355,-0.3395482,0.037288755,-0.16325708,-0.1468121,-0.10499727,0.10070467,0.042569708,0.02884394,-0.03159481,-0.18953782,0.26864567,0.15940198,0.50023466,-0.41585875,0.09879816,-0.016875017,-0.32867694,-0.07517351,-0.36730668,0.122197986,0.028265491,0.17743951,0.057909213,-0.41632313,0.029053919,-0.04844831,-0.47863984,0.6025472,0.340127,-0.0006689057,0.047715753,-0.27072775,-0.045187123,0.30511814,0.42549336,0.54333687,0.03633305,0.020445555,-0.007375734,0.24616799,0.11152018,0.6003544,-0.022697229,0.10720654,0.053360842,-0.067962855,-0.06593645
ARHGAP8,0.029410258,-0.052911803,0.015141472,1.0,-0.12488554,-0.01881563,-0.005759035,0.078169666,-0.075373456,0.0565786,0.033696786,-0.020202663,-0.026963383,0.05152996,0.03328861,0.04797124,-0.021427147,0.052266963,0.006874386,-0.0037217569,-1.7631799e-05,-0.02312172,-0.05130137,-0.030098617,0.09934372,0.006329706,-0.16107306,-0.040310312,0.058829747,-0.041255835,0.13168737,0.21916093,0.10930471,0.10928634,0.14852518,0.16187125,-0.48820508,-0.06721024,-0.123936415,-0.022550462,-0.14387193,-0.031131767,-0.010439701,0.1546275,0.02497746,0.07675927,0.030794494,-0.01799503,-0.04343623,0.19500956,0.26878774,-0.04346638,-0.010433359,-0.48225594,0.03803453,0.03579224,0.28920037,-0.100681014,-0.0313076,0.17614335,-0.1516792,0.021485632,0.001742566,-0.015331694,-0.04434534,-0.061182857,-0.057704434,0.055558763,-0.09735696,-0.50638676,-0.06267285,0.11232181,0.031439517,-0.06981143,-0.03784357,0.061148513,0.027636029,0.07129417,-0.117336884,0.21828079,-0.076527625,0.04910835,0.017820677,0.10052444,-0.145708,-0.033809718,-0.03389872,0.0141633,0.027407715,-0.046114624,0.09197934,0.06438462,0.12588438,-0.021518078
ARHGEF9,-0.088832274,0.25241354,-0.11825311,-0.12488554,1.0,-0.010599367,0.09784107,0.047135204,0.166508,-0.07140454,-0.089930475,-0.0056889467,-0.020801645,-0.06080594,0.090683684,-0.16782643,-0.0037108678,-0.06095061,-0.15815774,0.028397089,0.12725954,-0.061408885,-0.015016433,0.060130168,-0.15568604,-0.021916091,0.1930317,0.079830915,-0.09340437,0.13336061,-0.166652,-0.08859337,-0.17801797,-0.074408576,-0.49284086,-0.20043404,0.042387933,0.045762468,0.0636471,0.0017785099,0.2338785,0.07542706,0.057855543,-0.027544517,0.16083786,0.07664211,0.03766672,-0.08957018,0.002828367,-0.09283775,-0.07953768,0.22757666,-0.20833255,0.056367677,0.03927768,-0.07142456,0.008823112,0.15415415,0.02555281,-0.12147847,0.3185561,-0.123193935,-0.014573003,0.21619211,-0.08478002,0.15326205,0.17157228,-0.006702617,-0.053307176,0.06636877,0.1129152,-0.12460797,-0.096564315,0.1407991,0.029308157,-0.11579515,-0.015499893,0.027523974,-0.0067373854,-0.07819581,0.08955577,-0.16182932,0.00057963654,-0.23598906,0.17721237,0.0018205419,-0.030395454,-0.13677062,-0.10894847,0.024080299,-0.123431265,-0.17092092,-0.24695359,-0.047383524
ATCAY,0.20574802,-0.043175608,0.24850908,-0.01881563,-0.010599367,1.0,0.030972075,0.19504638,-0.23771706,-0.017663918,0.24141976,-0.07857507,-0.06021309,-0.09040113,-0.22731373,0.0044333413,0.428219,-0.039073754,0.12807576,0.013074115,-0.06786885,0.09951675,-0.05577305,0.10612754,0.16955632,0.42989793,0.0014379434,-0.12880264,0.20986979,-0.00666037,0.027342863,-0.2516476,0.21334091,0.22297639,0.19304965,0.10738103,-0.033790506,0.41833276,0.5002428,0.07476564,-0.24262534,-0.026102345,0.10451369,0.09515683,-0.13407522,-0.22778562,0.009496034,-0.07528191,-0.0414685,-0.5328878,-0.4901271,-0.25523168,0.11888486,0.022224775,-0.027208384,-0.029457768,-0.45077473,0.45943865,0.40487063,0.00994483,-0.1713236,0.34699118,-0.041284025,-0.062460415,-0.041372236,-0.124285504,-0.18603793,0.14409453,0.27867624,-0.013039403,-0.10586712,0.024016917,-0.06904003,-0.15028426,0.18630517,0.14039989,0.0035971291,-0.035817858,-0.07402932,0.008718841,0.25971442,0.25181347,0.2448965,0.2664497,-0.2643422,-0.082946256,0.0129892975,0.24313831,0.21945968,-0.19756941,0.16542746,0.111151874,0.023648486,-0.053143635
ATG7,-0.021011034,0.057226844,0.04095806,-0.005759035,0.09784107,0.030972075,1.0,0.0017567202,0.02042061,0.42790574,0.055462044,0.00095817354,-0.040580645,-0.05264475,-0.004865434,-0.076684356,0.04168132,-0.555008,-0.08015542,0.040673584,0.018795488,-0.019304097,-0.01241131,0.4088921,-0.05267994,0.04661727,0.017653733,0.5817784,-0.09899151,0.572562,-0.049807355,-0.013241956,-0.014765538,0.010332307,-0.0471756,-0.002764199,-0.0026570894,-0.022328306,0.052233387,-0.5411522,-0.01787328,0.03660012,0.0053291023,0.08978744,0.030221589,-0.03364435,0.4080018,-0.028276267,0.06421897,-0.034313343,-0.051248703,0.028197024,-0.05516778,0.039157897,0.38812757,-0.53550416,-0.03218229,0.043440726,0.059153516,-0.07771345,0.07658084,0.0312696,-0.5141964,0.040286582,-0.022309454,0.0029820912,0.011773476,-0.06108761,-0.0649566,0.047086235,0.017970502,-0.035173714,-0.063046396,-0.0039625117,0.04264816,-0.0037109246,0.37192425,-0.54604536,-0.061536286,0.0050562983,0.06966352,-0.018356198,-0.056613956,-0.05195884,0.056673296,-0.5069033,-0.03298279,0.026799373,-0.010193259,-0.03747169,-0.07195629,-0.054411564,-0.11166456,0.35335824
B4GALNT2,-0.001261387,-0.1570915,0.30350572,0.078169666,0.047135204,0.19504638,0.0017567202,1.0,0.021170579,0.01318991,0.07128303,-0.100335605,-0.11624837,-0.14600468,-0.080464974,-0.121113196,0.3276112,0.019338435,-0.033584706,-0.09820749,0.017279867,-0.010044577,-0.11830422,0.07003382,0.08452754,0.370066,0.15448831,-0.060071163,0.057745263,-0.021370295,0.05520559,-0.4839099,0.013592744,-0.12917006,0.029212851,-0.07736566,-0.06469975,0.30289435,0.1296925,0.1080151,0.16040945,-0.055611324,0.0054515153,-0.031672254,0.06012772,0.052667513,-0.053685293,0.042203676,-0.010984848,-0.070479,-0.028655708,0.17400262,0.06408389,-0.026275516,0.014158244,0.018115878,0.01887371,0.35005552,0.25617978,0.019550614,0.015520072,0.032551028,0.010819865,0.0065335464,0.048175905,0.00949895,0.1162712,-0.112778306,0.14637974,0.023257066,0.010757284,-0.113550425,0.062386997,-0.01973677,0.07114803,-0.0069388114,0.03487976,0.010940574,0.06799103,-0.07599854,0.50231814,-0.018614992,0.0062246453,0.047377337,0.12667897,0.027218811,0.071757704,0.001783201,0.00089691766,0.03547723,-0.08558077,-0.093900055,-0.18345754,0.05390707
CAMKV,-0.015397543,0.221371,-0.39060575,-0.075373456,0.166508,-0.23771706,0.02042061,0.021170579,1.0,0.05736553,-0.0823792,0.27365804,0.27060127,0.25974846,0.5914963,-0.16618338,-0.10535737,-0.031149838,0.08753517,0.10202763,0.027003594,0.15581672,0.31650117,0.021350887,-0.071183756,-0.25265846,0.09305544,0.030544274,0.029056124,0.08718276,-0.057700306,0.11517942,-0.2998717,-0.4948278,-0.10030195,-0.05274995,0.07216942,-0.13731703,-0.16811794,0.0037390143,0.25164598,-0.11003268,-0.19487074,-0.47992605,0.23365998,0.52155066,-0.003408229,0.4465574,-0.07148674,0.19086026,0.13831231,0.21525279,0.13961077,0.090171166,-0.03148629,0.06576763,0.16688085,-0.15872648,-0.020100582,-0.37754607,0.50369227,-0.1076086,0.106984064,0.42205462,-0.003066035,0.47896147,0.0009808186,0.08563804,-0.016254172,0.024616811,0.5838058,-0.1716926,0.23477934,0.5895171,-0.2869457,-0.28041095,-0.07873508,-0.05987554,0.36287123,0.046993107,0.032683797,-0.4677823,-0.415332,0.054576002,0.14072224,0.086577,-0.20499626,-0.17202552,-0.36941573,0.023690749,-0.04407892,0.0030144304,-0.016123027,0.059543315
CCL14,0.082936496,0.017380007,-0.036953557,0.0565786,-0.07140454,-0.017663918,0.42790574,0.01318991,0.05736553,1.0,0.026298858,0.08481847,0.10059911,0.058973763,0.08424427,0.061671566,-0.06874162,-0.53387713,0.04766164,0.06996535,0.07892123,0.028607521,0.09125512,0.48578948,0.026435524,-0.0077483915,-0.07888797,0.41302228,0.02899937,0.32255587,-0.0611007,0.006028585,-0.041418873,-0.057209767,0.057459917,0.06491076,-0.034062736,-0.07794818,-0.06647828,-0.45396382,-0.07514705,0.05489941,-0.058779716,0.042127647,-0.030623931,0.040180683,0.36929893,0.0681656,0.032911666,0.11228852,0.121875644,-0.085454054,0.0892912,-0.051272906,0.2508438,-0.4719468,0.0898332,-0.08586073,-0.026332974,0.006362279,0.041707665,0.04496431,-0.3994827,0.028530616,0.022456422,0.020337021,-0.037637055,0.04834368,-0.049442694,-0.05190227,0.03634152,0.022585548,0.0968904,0.07504277,-0.08881115,-0.061592914,0.27420288,-0.4404552,0.015096341,0.08045927,0.04031857,-0.080118455,-0.07734556,0.1315062,-0.061180905,-0.3471,-0.043056253,0.023990547,-0.06391137,-0.081411466,0.0662816,0.08059606,0.015481337,0.34675312
CDK16,0.1161762,0.19030514,0.22443765,0.033696786,-0.089930475,0.24141976,0.055462044,0.07128303,-0.0823792,0.026298858,1.0,-0.36685348,-0.41880152,-0.38017723,-0.1632655,0.0018156134,0.24222235,0.077998966,0.07030521,0.3907345,-0.03154208,-0.3754977,-0.31173858,-0.03283013,0.055832803,0.26386094,0.18432114,-0.023328353,0.1973619,0.028566923,-0.28158623,-0.28631,0.3110482,0.24694434,0.36386523,0.29962033,0.031167954,0.071722776,0.3337776,-0.03116149,-0.059682466,0.18527806,-0.10445306,0.008764526,-0.48049867,-0.18393938,-0.02667106,0.011022184,0.16407028,-0.20325033,-0.18969494,-0.115882665,0.14035313,0.10432484,-0.12607267,-0.043590095,-0.18540633,0.24826661,0.19062133,0.0067433156,-0.14965233,0.2828854,-0.03028452,-0.0040591806,-0.12980767,0.033102605,-0.004412299,0.060331978,-0.04513137,0.043884844,-0.088374116,-0.021186762,-0.17354448,-0.028501984,0.32666096,0.31394112,-0.15506166,-0.003886722,-0.11218157,-0.09369633,0.24832037,0.23409104,0.18621418,0.16702059,0.09181471,-0.109638356,0.32278594,0.06182825,0.33480388,-0.09597106,0.12048285,0.094308704,0.036481038,-0.15173638
CDKN1B,0.18091843,-0.057866205,-0.18342364,-0.020202663,-0.0056889467,-0.07857507,0.00095817354,-0.100335605,0.27365804,0.08481847,-0.36685348,1.0,0.8179468,0.7595717,0.3243628,0.3815558,-0.09076001,-0.08199992,0.24003372,-0.2127667,-0.08499101,0.6424519,0.721384,0.0013134256,0.16451365,-0.109556094,-0.0842045,-0.04288114,0.22904307,0.0049034636,0.2009881,0.23584405,-0.17621996,-0.22994092,-0.097680144,-0.035218418,-0.00028708717,-0.036793254,-0.08537937,0.025810033,-0.029406868,-0.19470634,0.08654563,-0.1632873,0.43716165,0.25205737,0.025437376,0.27507856,-0.11917053,0.15050972,0.10744874,-0.18654627,0.24201065,-0.007608868,0.05427716,0.09859471,0.049050897,-0.14973438,-0.028741011,-0.12586628,0.16414428,-0.12986445,0.019054472,0.26939642,-0.031877927,0.2248513,-0.116292946,0.32296368,0.2317945,-0.15586106,0.26741266,0.34223843,0.2634383,0.25650042,-0.16965845,-0.13952814,0.041554064,-0.11415389,0.22867684,0.24853343,-0.110381365,-0.20832229,-0.18091765,0.2480376,-0.24640654,0.10091446,-0.5019865,0.067230776,-0.20387751,-0.18083695,0.16901565,0.25237724,0.22291839,0.17652161
CDKN2C,0.18576011,-0.061582256,-0.1614511,-0.026963383,-0.020801645,-0.06021309,-0.040580645,-0.11624837,0.27060127,0.10059911,-0.41880152,0.8179468,1.0,0.7876061,0.31727207,0.4251114,-0.10462625,-0.087197326,0.27802825,-0.24683592,-0.12456164,0.65259624,0.68878686,0.012817264,0.20353465,-0.08764142,-0.18530598,-0.062653095,0.25087523,0.007037418,0.19125427,0.22367704,-0.18498917,-0.22376402,-0.08222842,0.0005721245,0.03666977,-0.03318132,-0.13098809,0.016566643,-0.097684935,-0.17333165,0.07685201,-0.18374054,0.37997168,0.24322394,0.061950125,0.24306998,-0.12895562,0.14468825,0.11848478,-0.24320851,0.27148652,0.013858541,0.030864399,0.07693974,0.036810018,-0.1939995,-0.0759858,-0.108102515,0.104787566,-0.06200251,0.05313405,0.2693056,-0.07210154,0.18796277,-0.1991019,0.37067068,0.22249171,-0.11945538,0.2226178,0.35918024,0.2488504,0.25793114,-0.21547654,-0.13983518,0.044801846,-0.118705496,0.23518972,0.29144937,-0.12764786,-0.18138686,-0.17414427,0.29482684,-0.3201545,0.14653504,-0.50059235,0.08335194,-0.21170667,-0.22518203,0.26268262,0.30180395,0.27170947,0.1760623
CDKN2D,0.17959508,0.0034257174,-0.13319987,0.05152996,-0.06080594,-0.09040113,-0.05264475,-0.14600468,0.25974846,0.058973763,-0.38017723,0.7595717,0.7876061,1.0,0.27019858,0.3784448,-0.13230266,-0.08130221,0.30019063,-0.20865494,-0.09754345,0.6385182,0.6394948,-0.048809968,0.20307493,-0.07240691,-0.2049062,-0.010343542,0.18780607,-0.0009957813,0.15326908,0.25706482,-0.16310629,-0.16576071,-0.02203884,-0.015141405,0.06369041,-0.08662982,-0.16250122,0.011005228,-0.089584336,-0.13427444,0.06401368,-0.15150958,0.37130344,0.17983155,0.072114885,0.22627746,-0.05870331,0.1754108,0.1387378,-0.22389716,0.2719829,-0.028023632,0.069363505,0.071435705,0.07479345,-0.2013435,-0.0874327,-0.052142553,0.10615337,-0.089813,0.028097983,0.22108863,-0.05649164,0.1790004,-0.14396022,0.38569903,0.19194196,-0.1682103,0.17895186,0.32473648,0.16326003,0.1816122,-0.1742306,-0.13846204,0.042087704,-0.10290151,0.20672658,0.28823888,-0.18419665,-0.12948653,-0.13941933,0.31247094,-0.28802592,0.10774421,-0.513778,0.068442844,-0.14252898,-0.1366533,0.27845776,0.30615905,0.27838677,0.14478318
CERT1,0.08399143,0.12720834,-0.49470192,0.03328861,0.090683684,-0.22731373,-0.004865434,-0.080464974,0.5914963,0.08424427,-0.1632655,0.3243628,0.31727207,0.27019858,1.0,-0.0014574323,-0.12971497,-0.018582359,0.1248789,-0.09447009,-0.06997576,0.18102297,0.30919892,0.01907179,0.016434751,-0.3118108,-0.10279338,-0.010228738,0.085979216,0.025984034,-0.019774437,0.34990698,-0.18223517,-0.4138574,-0.08204204,0.10585455,0.006613862,-0.12461291,-0.18803796,0.027331624,0.10427485,0.039418455,-0.090908974,-0.22361201,0.3617189,0.65362763,0.02329149,0.4614914,0.0863421,0.21391767,0.2215855,0.046011306,0.10440202,-0.06139566,-0.015163511,0.06629934,0.21757947,-0.19594863,-0.12681961,-0.33481783,0.372881,0.0097219795,0.11135908,0.58112544,-0.0609385,0.658476,-0.13186562,0.14163297,-0.0046934765,-0.07334155,0.6277478,-0.026833218,0.13799375,0.6114731,-0.4930644,-0.16175084,-0.042982645,-0.092391744,0.43296805,0.20708807,-0.14360656,-0.44597286,-0.457267,0.0864475,-0.051475495,0.11490718,-0.21858718,-0.13279621,-0.39343613,-0.096614465,0.045131113,0.05849491,0.08076267,0.08341038
CPEB4,0.35933867,0.019961208,0.123601295,0.04797124,-0.16782643,0.0044333413,-0.076684356,-0.121113196,-0.16618338,0.061671566,0.0018156134,0.3815558,0.4251114,0.3784448,-0.0014574323,1.0,-0.038958177,-0.042506494,0.43308392,0.0067380164,0.035098553,0.2694926,0.25251973,-0.06311843,0.39720812,0.042473212,-0.1828596,0.0006035995,0.49507883,-0.026654584,0.0353755,0.035489544,0.11933431,0.0673988,0.05438975,0.049199764,0.07605934,-0.06129577,-0.046695746,-0.09073253,-0.23486994,0.01180209,-0.03682154,0.10882485,0.01836294,-0.013886686,0.06576692,-0.08914304,0.116444215,0.13026677,0.08650183,-0.47851717,0.39636475,0.052435137,-0.0082796365,0.04113687,-0.0030838698,-0.08799327,-0.0598985,0.09993936,-0.2024122,0.11670918,-0.07018244,0.10413824,-0.2966275,-0.011022842,-0.014381632,0.55490863,0.028497046,-0.15290442,-0.084601715,0.591221,0.031405404,-0.10703678,0.037504874,0.20064592,0.06641505,-0.07013125,0.0019607022,0.3125373,-0.06633332,0.10897746,0.1011704,0.4312854,-0.32154226,0.06969604,-0.19030565,0.21583423,0.061968677,-0.3883526,0.4076486,0.5044517,0.4373743,0.13783774
CRACR2B,0.18930253,-0.1000185,0.32767957,-0.021427147,-0.0037108678,0.428219,0.04168132,0.3276112,-0.10535737,-0.06874162,0.24222235,-0.09076001,-0.10462625,-0.13230266,-0.12971497,-0.038958177,1.0,0.025659462,0.14787543,0.113120064,0.012707764,0.030637285,-0.070465185,0.10372691,0.16090076,0.48164323,0.050974626,-0.09938456,0.26536542,-0.068402566,0.04128017,-0.3743257,0.059518944,0.06397517,0.12016085,0.06501867,0.011389513,0.63477683,0.6097965,0.081807524,-0.14091653,-0.026640417,-0.07260959,-0.017279696,-0.069222264,-0.18586208,0.026096394,0.09560331,-0.082518786,-0.53252226,-0.5135317,-0.13393772,0.21101761,0.17901154,-0.0914713,0.060340382,-0.4749038,0.65225947,0.5433961,-0.031607,-0.1614159,0.2850827,0.038644694,-0.07302106,-0.11881673,-0.1358014,-0.04441815,0.117154725,0.13326499,0.08051768,-0.073063225,-0.04915529,0.07432164,-0.057731945,0.24062066,0.048612732,-0.11357011,-0.00991502,0.04232195,0.004959859,0.41501856,0.12396852,0.15942645,0.2693928,-0.19157118,0.0181112,0.118212536,0.14054291,0.19072676,-0.13469267,0.19338042,0.12928009,-0.019503739,-0.075307705
CT83,0.019713823,-0.0030924967,-0.0022926312,0.052266963,-0.06095061,-0.039073754,-0.555008,0.019338435,-0.031149838,-0.53387713,0.077998966,-0.08199992,-0.087197326,-0.08130221,-0.018582359,-0.042506494,0.025659462,1.0,-0.046832442,-0.016022077,-0.013727153,-0.10503639,-0.0626944,-0.48539388,0.006091899,0.046881177,0.020204827,-0.5554349,-0.01448028,-0.5236309,0.0078302035,0.011374909,-0.03045743,0.083883084,0.034542628,-0.008383689,-0.022247814,-0.01959502,0.0032112082,0.65970284,-0.028311059,0.0611945,-0.031393073,0.06778125,-0.056921713,-0.0056736134,-0.49478278,-0.03098254,-0.0030580377,0.034991644,0.050950557,0.031138029,-0.023162218,0.019320764,-0.40083307,0.71754134,0.068022564,-0.04321921,-0.034017015,0.066275716,-0.04041346,0.02471704,0.61227,0.018777689,-0.005928647,0.015657414,0.04416245,-0.052736662,-0.03036701,0.048606448,-0.024059756,-0.011209352,-0.012392511,-0.0116952695,0.07149344,0.05699539,-0.41124246,0.6847927,-0.008512468,-0.011817829,0.043346222,0.016542234,0.023798969,-0.019115373,0.03928726,0.50853544,0.07539055,0.09620023,0.080896534,0.08169998,-0.0377713,-0.028763259,0.09276581,-0.4703455
CYP1A2,0.46403313,0.08223669,0.1411288,0.006874386,-0.15815774,0.12807576,-0.08015542,-0.033584706,0.08753517,0.04766164,0.07030521,0.24003372,0.27802825,0.30019063,0.1248789,0.43308392,0.14787543,-0.046832442,1.0,0.1136628,-0.06518157,0.15107805,0.21226248,0.056515265,0.56248266,0.11856295,-0.28847164,-0.04359633,0.59658337,0.017857326,0.0018805303,0.07898328,0.14666104,0.09984615,0.16427703,0.13835956,0.06778996,0.11716745,0.056412138,-0.010421224,-0.31600192,-0.19898589,-0.09648982,-0.1363384,-0.013700634,0.025771072,0.16245085,0.12665302,-0.02407004,-0.11363019,-0.11691935,-0.5338344,0.61927724,0.05176931,-0.036085732,0.05047472,-0.17767516,0.033987384,0.10972355,0.11132757,-0.15204564,0.2189431,0.020150708,0.07675766,-0.36197013,-0.00014287792,-0.20362663,0.6725568,0.16142808,-0.0738539,-0.020355836,0.38020438,0.20940833,-0.032636177,0.05154515,0.20352784,-0.045374148,-0.02998311,0.05207266,0.38180664,-0.011207838,0.095952004,0.13546968,0.6729772,-0.51763195,0.07177915,-0.11573538,0.26708975,0.16521609,-0.39442372,0.5905736,0.6197211,0.43773702,0.10283837
DUSP10,-0.01654417,0.51258516,0.04252301,-0.0037217569,0.028397089,0.013074115,0.040673584,-0.09820749,0.10202763,0.06996535,0.3907345,-0.2127667,-0.24683592,-0.20865494,-0.09447009,0.0067380164,0.113120064,-0.016022077,0.1136628,1.0,0.6016178,-0.26670232,-0.19928198,0.07501422,0.08278436,0.036847234,0.08207786,0.020493891,0.14980498,0.0492498,-0.40858686,-0.070334025,0.015609451,-0.023976982,0.14607626,0.2825082,0.08603858,-0.08843337,0.03803035,-0.08190205,-0.037672307,-0.026016805,-0.49711743,-0.03423097,-0.32306463,-0.027770974,-0.023214633,0.10790904,0.023552839,-0.021726761,-0.042047046,-0.0429297,0.2044321,0.13989101,0.024704771,-0.014657938,-0.026199423,0.09143599,0.11502828,-0.01615223,0.10176611,0.021262046,-0.07250326,-0.039412677,-0.21646242,-0.08198583,-0.1446655,0.18767184,-0.42724568,-0.025064478,-0.08523782,-0.10770352,0.087731466,-0.054751925,0.14798176,0.066764794,-0.005008444,0.04355219,-0.21196191,0.008322353,-0.052431095,0.034678683,0.10960666,0.19367719,0.045937408,-0.05890053,0.25751632,-0.12494888,0.123194546,-0.13402301,0.16703643,0.1579991,0.053207677,0.059455633
DUSP6,-0.05063478,0.34325278,-0.06944634,-1.7631799e-05,0.12725954,-0.06786885,0.018795488,0.017279867,0.027003594,0.07892123,-0.03154208,-0.08499101,-0.12456164,-0.09754345,-0.06997576,0.035098553,0.012707764,-0.013727153,-0.06518157,0.6016178,1.0,0.014230579,-0.10047107,0.11893435,0.003922133,-0.050452128,0.12585677,0.059775084,-0.020468213,-0.0081598945,-0.21329515,-0.03981041,-0.065919556,-0.05940518,0.018650856,0.0006993152,0.004602421,-0.058685683,-0.074556984,-0.071816966,0.084465295,0.11259232,-0.38816023,0.13006005,-0.0977727,0.083934,-0.012210583,0.033597723,0.033587772,0.103099726,0.095626034,0.14225389,0.018281467,0.08401501,0.11238342,0.00038670283,0.15230966,0.13940409,0.08217721,-0.110764936,0.23572204,-0.07925904,-0.10588599,-0.08698544,-0.069542676,-0.09032263,0.078752115,0.0045414157,-0.51514816,-0.07062881,-0.046407737,-0.11180194,0.09146132,-0.020941965,-0.059955314,-0.042937644,0.13812965,0.066490225,-0.13679928,-0.04636158,-0.120665,-0.03635931,0.017138004,0.012284245,0.16261464,-0.062385343,0.09723677,-0.12693623,-0.06881295,-0.030471105,0.0034959428,0.013948951,-0.10156737,0.10952242
DYRK1B,0.09616651,-0.061521515,-0.08765014,-0.02312172,-0.061408885,0.09951675,-0.019304097,-0.010044577,0.15581672,0.028607521,-0.3754977,0.6424519,0.65259624,0.6385182,0.18102297,0.2694926,0.030637285,-0.10503639,0.15107805,-0.26670232,0.014230579,1.0,0.61199075,0.023606366,0.043722764,-0.020515963,-0.058653705,-0.027592208,0.07439597,-0.036982182,0.20549756,0.13491958,-0.16845219,-0.097940505,0.022912534,-0.15161166,-0.0010809079,0.07244625,0.052530527,0.007709038,0.022926206,0.051829293,0.12270731,-0.17192739,0.41785282,0.19591562,0.03327185,0.2188918,0.027016722,0.05462441,0.027148515,-0.007988296,0.09129486,-0.03459785,0.10972964,0.050448824,-0.0127766095,0.047602136,0.087033816,-0.16666517,0.17557913,-0.13325322,0.00085504353,0.15087464,0.08748984,0.11570662,0.016421303,0.1255903,0.23453283,-0.09022264,0.1805304,0.09517774,0.045188352,0.19866666,-0.14109695,-0.1970815,0.097816706,-0.12750635,0.23808385,0.12395555,-0.038403705,-0.10722366,-0.17717233,0.18754533,-0.18377793,0.008525283,-0.48676938,-0.040911227,-0.25503525,-0.021930171,0.103875704,0.052195933,0.03024911,0.16702834
E2F6,0.131758,-0.073222205,-0.22396019,-0.05130137,-0.015016433,-0.05577305,-0.01241131,-0.11830422,0.31650117,0.09125512,-0.31173858,0.721384,0.68878686,0.6394948,0.30919892,0.25251973,-0.070465185,-0.0626944,0.21226248,-0.19928198,-0.10047107,0.61199075,1.0,0.060134396,0.07848157,-0.08255799,-0.10811344,-0.015383275,0.12279497,0.02282826,0.22077304,0.21216103,-0.19872412,-0.2418007,-0.05089602,-0.06543669,0.071784504,0.012298845,-0.02493859,0.0639437,-0.071581356,-0.16398221,0.057304285,-0.22212318,0.40290287,0.2400532,0.013011184,0.31558543,-0.16145748,0.110274345,0.064885356,-0.14556183,0.13617364,0.021357888,0.020095944,0.08690701,0.021352403,-0.1251759,-0.019387085,-0.20222574,0.22327943,-0.11983015,0.03732466,0.2776682,0.067445375,0.17967601,-0.13634497,0.24175783,0.26942202,-0.101203114,0.27700058,0.1675032,0.28667843,0.27197123,-0.1755921,-0.22989437,-0.0044071246,-0.13382602,0.22958465,0.19129899,-0.08268379,-0.21724543,-0.19690527,0.22096157,-0.22103064,0.123054266,-0.4809584,-0.021262009,-0.23898196,-0.06577058,0.113316044,0.15375517,0.17366937,0.10051958
EML1,0.033397693,0.020895135,0.08535537,-0.030098617,0.060130168,0.10612754,0.4088921,0.07003382,0.021350887,0.48578948,-0.03283013,0.0013134256,0.012817264,-0.048809968,0.01907179,-0.06311843,0.10372691,-0.48539388,0.056515265,0.07501422,0.11893435,0.023606366,0.060134396,1.0,0.03163129,0.043358058,-0.0034597302,0.36687028,0.02279381,0.36247128,0.06350619,0.028211243,0.054974705,0.0051651336,-0.019238668,-0.10030501,-0.07543115,0.10941196,0.05495678,-0.38536656,-0.055664554,-0.044343658,-0.07791378,0.07332261,0.049864404,0.009317977,0.33310616,-0.0016307477,-0.08613752,-0.11070208,-0.09327695,-0.017290544,0.048234202,-0.051640123,0.27656928,-0.4346869,-0.048830517,0.13996153,0.13916823,0.011255745,0.026133511,0.117987655,-0.40675634,-0.07106626,0.045537736,-0.072879955,-0.027834447,0.0033239666,-0.02086813,-0.0630906,0.0013392661,-0.09727328,0.17124565,-0.008942446,-0.015616732,0.014786661,0.33151415,-0.43731433,0.0152001325,0.007825281,0.1355764,-0.030219918,0.0785956,0.050051823,0.008241313,-0.3300593,0.033245668,-0.040058523,0.02872764,-0.005126875,0.026878182,0.07890649,-0.073644176,0.34563044
EPHX1,0.51603746,-0.0020705462,0.05965279,0.09934372,-0.15568604,0.16955632,-0.05267994,0.08452754,-0.071183756,0.026435524,0.055832803,0.16451365,0.20353465,0.20307493,0.016434751,0.39720812,0.16090076,0.006091899,0.56248266,0.08278436,0.003922133,0.043722764,0.07848157,0.03163129,1.0,0.16288915,-0.37301126,-0.007921251,0.54937315,0.09821026,0.06679672,0.01561651,0.14681682,0.02920355,0.24400896,0.25116202,-0.029309422,0.14628953,-0.0005828105,-0.06385669,-0.399014,-0.21604195,-0.09320848,-0.038510412,-0.047608867,0.050435137,0.09343379,0.07821976,-0.08978135,-0.090779506,-0.04085917,-0.5190843,0.5617112,-0.02931824,0.010233983,0.044693936,-0.084652334,0.06553323,0.11509546,0.09156914,-0.28000635,0.3399329,-0.04330549,0.032070287,-0.34859103,-0.08293657,-0.25594363,0.5906181,0.106958665,-0.06834048,-0.098814696,0.46658352,0.21044607,-0.058719892,-0.033675455,0.18777925,0.026556395,-0.033389118,-0.083930485,0.5191529,-0.011393576,0.06109887,0.05137524,0.639364,-0.525203,-0.017871242,-0.07475002,0.4150524,0.079169706,-0.40952212,0.53135544,0.5953653,0.5308107,0.06569684
FAM114A1,0.1600766,-0.12669915,0.42519838,0.006329706,-0.021916091,0.42989793,0.04661727,0.370066,-0.25265846,-0.0077483915,0.26386094,-0.109556094,-0.08764142,-0.07240691,-0.3118108,0.042473212,0.48164323,0.046881177,0.11856295,0.036847234,-0.050452128,-0.020515963,-0.08255799,0.043358058,0.16288915,1.0,0.014353443,-0.08740472,0.20666888,-0.029588625,-0.10589416,-0.49784794,0.15591459,0.13957977,0.10977528,0.04207496,-0.012287479,0.42002338,0.4258359,-0.00056909304,-0.19358933,-0.05644215,-0.010275111,0.090874456,-0.15307915,-0.23158687,0.030223522,-0.015509315,-0.08808572,-0.4369138,-0.4193385,-0.21145096,0.1907118,0.090451896,0.035470422,-0.004856294,-0.43556622,0.38467237,0.31014746,0.073658936,-0.31179717,0.20425662,-0.018155806,-0.033504356,-0.025886375,-0.11491107,-0.027473586,0.09951016,0.22271457,0.08732903,-0.19929826,0.08343737,0.019052954,-0.21351069,0.23667388,0.1896705,0.0076073445,-0.047903467,-0.0226193,0.087059766,0.4193892,0.09184389,0.11752663,0.25259465,-0.22230747,-0.03077356,0.1207678,0.21587308,0.24628451,-0.03867355,0.18390016,0.12300818,0.039845128,-0.017277926
FAM32A,-0.20839643,0.12466372,0.086137354,-0.16107306,0.1930317,0.0014379434,0.017653733,0.15448831,0.09305544,-0.07888797,0.18432114,-0.0842045,-0.18530598,-0.2049062,-0.10279338,-0.1828596,0.050974626,0.020204827,-0.28847164,0.08207786,0.12585677,-0.058653705,-0.10811344,-0.0034597302,-0.37301126,0.014353443,1.0,0.056071244,-0.12693049,-0.118211225,-0.09832999,-0.2234022,0.05169356,-0.0214958,-0.18309984,-0.19322315,0.056225,0.06899752,0.18240291,0.055458248,0.40333855,0.2390677,0.17396216,-0.04850701,-0.0386282,-0.035091884,-0.11898146,-0.0067193545,0.09708138,-0.091806576,-0.07823509,0.43330985,-0.18474633,0.10237761,-0.011915896,0.018443052,-0.02234922,0.2830378,0.14806736,-0.11127968,0.22796579,-0.19560756,0.06501889,-0.03202706,0.10330736,0.12929462,0.35344228,-0.25788164,0.0061210506,0.05817,0.0670145,-0.22624944,-0.107254125,0.09064701,0.31128478,0.086685225,0.08328381,-0.0067040557,0.016946545,-0.51171815,0.17959926,0.13305224,0.12135567,-0.29771388,0.42772055,-0.069951974,0.12942088,-0.2367545,0.10643217,0.23973134,-0.31004798,-0.30535227,-0.44994295,0.028724687
FAM9A,0.0044531785,0.07901888,-0.03563803,-0.040310312,0.079830915,-0.12880264,0.5817784,-0.060071163,0.030544274,0.41302228,-0.023328353,-0.04288114,-0.062653095,-0.010343542,-0.010228738,0.0006035995,-0.09938456,-0.5554349,-0.04359633,0.020493891,0.059775084,-0.027592208,-0.015383275,0.36687028,-0.007921251,-0.08740472,0.056071244,1.0,-0.022907248,0.5145923,0.006109109,0.05560512,0.03611074,-0.02522767,-0.081626415,-0.06777054,0.09289709,-0.09008019,-0.10337052,-0.52177644,0.07247861,0.001205707,0.0015476961,0.0133656915,0.05024874,0.025823925,0.4811426,-0.04727368,0.0114653725,0.06540001,0.04490376,0.13597035,-0.07763298,-0.0015386231,0.47819632,-0.5226594,0.061440956,-0.0374106,-0.051326036,-0.03448724,0.014852944,-0.051953517,-0.5153458,0.068802826,-0.0022823196,0.002766739,0.03205489,-0.02793275,-0.055758677,0.05171159,0.0068884008,-0.05865001,0.0068979897,-0.03566172,-0.0007584309,0.08621043,0.49236602,-0.5192362,-0.022790696,-0.0012914878,-0.0355858,0.0019017109,0.014071726,-0.0934895,0.11053725,-0.448043,0.041908085,-0.007601667,0.02685281,0.04427153,-0.006645113,-0.056686886,-0.07960336,0.48104402
FMR1NB,0.53146195,-0.02776556,0.071339846,0.058829747,-0.09340437,0.20986979,-0.09899151,0.057745263,0.029056124,0.02899937,0.1973619,0.22904307,0.25087523,0.18780607,0.085979216,0.49507883,0.26536542,-0.01448028,0.59658337,0.14980498,-0.020468213,0.07439597,0.12279497,0.02279381,0.54937315,0.20666888,-0.12693049,-0.022907248,1.0,-0.011094036,0.03148372,-0.051732536,0.19685748,0.012327366,0.18065053,0.20184815,-0.006169084,0.27373782,0.18599886,-0.072481886,-0.25106344,-0.2587239,-0.19916828,-0.14102605,-0.056754295,0.0927784,0.060128395,0.16936794,-0.16716386,-0.2143839,-0.200527,-0.4714104,0.6317773,0.14900908,-0.06133194,0.10981333,-0.22458905,0.2003336,0.26686984,-0.014488773,-0.2827352,0.20140171,-0.025907664,0.15788925,-0.37717456,0.090792015,-0.20988075,0.6819102,0.12049596,-0.07169339,0.03984674,0.44685572,0.28173324,0.055006444,0.03613568,0.32927072,-0.06809473,-0.017167732,0.042277377,0.32788092,0.13642009,0.04725648,0.06750776,0.63433856,-0.50275433,0.092316434,-0.07752866,0.30219156,0.1212478,-0.49421862,0.59903514,0.6721117,0.48889136,0.13288574
FSCN2,0.030009964,0.037857234,-0.027964914,-0.041255835,0.13336061,-0.00666037,0.572562,-0.021370295,0.08718276,0.32255587,0.028566923,0.0049034636,0.007037418,-0.0009957813,0.025984034,-0.026654584,-0.068402566,-0.5236309,0.017857326,0.0492498,-0.0081598945,-0.036982182,0.02282826,0.36247128,0.09821026,-0.029588625,-0.118211225,0.5145923,-0.011094036,1.0,0.021588488,0.010509722,0.0142554855,-0.015857197,-0.058307514,-0.0015053703,0.025139332,-0.013978336,-0.059812192,-0.5110459,-0.06637513,-0.03763097,-0.029187586,-0.04955886,0.049515344,0.023027455,0.40948468,-0.015195625,0.033062965,0.008130138,0.018093586,0.0050830664,0.02341324,-0.0050311238,0.32350832,-0.49173063,0.00828423,0.0059736446,-0.008238038,-0.049533512,0.044083863,0.0807526,-0.4210195,0.038677186,-0.016780239,0.007702886,-0.089906566,0.03388473,-0.006790714,0.054765694,0.048871633,-0.01143777,-0.021742582,0.06337334,-0.006462775,-0.0058498494,0.3267615,-0.52428806,-0.015357608,0.14290103,0.023304584,-0.021947207,-0.01907073,0.017959664,-0.014855493,-0.4400357,-0.06473224,0.018906362,0.010962644,-0.05707862,0.04703337,0.028360385,-0.014588529,0.29645145
GADD45B,0.03518101,-0.47741076,-0.0056446455,0.13168737,-0.166652,0.027342863,-0.049807355,0.05520559,-0.057700306,-0.0611007,-0.28158623,0.2009881,0.19125427,0.15326908,-0.019774437,0.0353755,0.04128017,0.0078302035,0.0018805303,-0.40858686,-0.21329515,0.20549756,0.22077304,0.06350619,0.06679672,-0.10589416,-0.09832999,0.006109109,0.03148372,0.021588488,1.0,0.16099449,0.061417457,-0.044448324,0.06576439,-0.07480699,-0.052169044,0.11145235,-0.06657067,0.06063111,-0.06418232,-0.14912969,0.35731515,0.04085109,0.31123692,-0.015290625,0.0005146321,0.01947257,-0.19504662,0.07675022,0.05802486,-0.017783023,0.01625102,-0.019129522,0.020868562,0.057156894,0.062271517,-0.08805169,0.029483935,-0.0019041598,-0.1290919,0.042953655,-0.0062533766,-0.07701427,0.11918344,-0.092539586,0.035294846,0.0071307905,0.35706127,-0.08443342,-0.020476934,0.21344048,0.24666703,0.0048088953,-0.11337098,-0.0017041974,0.030716136,0.004091136,0.08691708,0.13321549,0.08537352,0.0834729,0.006163668,0.016982429,-0.18157329,-0.007628685,-0.16435319,0.13461143,-0.1218521,0.034096316,0.047098063,0.115571134,0.20356688,-0.04864644
GALNT5,0.025878934,0.11841575,-0.360377,0.21916093,-0.08859337,-0.2516476,-0.013241956,-0.4839099,0.11517942,0.006028585,-0.28631,0.23584405,0.22367704,0.25706482,0.34990698,0.035489544,-0.3743257,0.011374909,0.07898328,-0.070334025,-0.03981041,0.13491958,0.21216103,0.028211243,0.01561651,-0.49784794,-0.2234022,0.05560512,-0.051732536,0.010509722,0.16099449,1.0,-0.001064213,0.0043001417,0.051592745,0.09852355,-0.15175948,-0.35159296,-0.3669604,-0.0105207395,-0.12572902,0.03659822,-0.03797831,0.075600855,0.20174995,0.20362848,-0.014801815,0.063879214,-0.00610454,0.35388526,0.3885187,-0.08105233,-0.054424323,-0.19498846,-0.043721035,0.060353428,0.37599826,-0.3752697,-0.28378305,0.087779686,0.061160192,-0.069567315,0.033910137,0.008501239,0.0127820745,0.028566228,-0.14638124,0.0797959,-0.13461705,-0.26750392,0.12041771,0.0675676,0.11078036,0.113155514,-0.24285313,-0.040212765,0.03252406,0.018410224,0.03842025,0.25722304,-0.52269125,0.012192734,-0.010285584,-0.00089689717,-0.15205538,0.039635673,-0.18424487,-0.06275676,-0.113176726,-0.01923621,0.06754632,0.11483265,0.17401665,0.04062383
GPC1,0.2030371,-0.045425106,0.31250033,0.10930471,-0.17801797,0.21334091,-0.014765538,0.013592744,-0.2998717,-0.041418873,0.3110482,-0.17621996,-0.18498917,-0.16310629,-0.18223517,0.11933431,0.059518944,-0.03045743,0.14666104,0.015609451,-0.065919556,-0.16845219,-0.19872412,0.054974705,0.14681682,0.15591459,0.05169356,0.03611074,0.19685748,0.0142554855,0.061417457,-0.001064213,1.0,0.37506026,0.31405684,0.046784367,-0.09841138,0.08541563,0.091080174,-0.0423135,-0.19554955,-0.040626667,0.0831743,0.20659906,-0.2542765,-0.22139627,0.019166082,-0.15061569,0.07228274,-0.10955107,-0.08166845,-0.122632265,0.14890186,-0.077742934,-0.045733824,-0.040736012,-0.12624465,0.10228439,0.052393768,0.21580616,-0.48898718,0.2560444,-0.078613855,-0.12752604,-0.060918532,-0.13365251,-0.04799796,0.08158338,0.09820306,-0.019269172,-0.28336072,0.19885336,0.013567872,-0.25257432,0.3195209,0.7220279,0.014656914,-0.027097864,-0.20123614,0.032067567,0.0423678,0.40556085,0.3870032,0.07986884,-0.061179657,-0.047837026,0.2266086,0.116977446,0.46876818,-0.097031094,0.1283558,0.15374944,0.104446426,-0.044840813
GPR173,0.05308581,0.074819006,0.4160358,0.10928634,-0.074408576,0.22297639,0.010332307,-0.12917006,-0.4948278,-0.057209767,0.24694434,-0.22994092,-0.22376402,-0.16576071,-0.4138574,0.0673988,0.06397517,0.083883084,0.09984615,-0.023976982,-0.05940518,-0.097940505,-0.2418007,0.0051651336,0.02920355,0.13957977,-0.0214958,-0.02522767,0.012327366,-0.015857197,-0.044448324,0.0043001417,0.37506026,1.0,0.10380772,0.032927074,-0.08803782,0.037918195,0.13768797,-0.02708606,-0.19630465,0.17155097,0.204994,0.37319672,-0.20622937,-0.47505942,0.029971143,-0.38267148,0.14387602,-0.12667622,-0.074793346,-0.15888593,-0.029736748,-0.066316746,-0.036143195,-0.0686837,-0.12617785,0.11207518,0.035395622,0.3986349,-0.3424468,0.10694572,0.032100186,-0.29590893,-0.005244216,-0.329048,0.037794385,0.012829108,0.0042030783,0.0059201624,-0.44174924,0.039658457,-0.28676078,-0.40575415,0.47521752,0.3973906,-0.009934103,0.104047656,-0.3706824,-0.07041606,-0.0176161,0.49848816,0.48725027,-0.0010445546,-0.10503502,-0.041056007,0.18601221,0.16799784,0.51854277,-0.034343865,0.07728824,0.037054732,-0.05734774,-0.15124345
GRK2,0.13680476,-0.050583743,0.05837567,0.14852518,-0.49284086,0.19304965,-0.0471756,0.029212851,-0.10030195,0.057459917,0.36386523,-0.097680144,-0.08222842,-0.02203884,-0.08204204,0.05438975,0.12016085,0.034542628,0.16427703,0.14607626,0.018650856,0.022912534,-0.05089602,-0.019238668,0.24400896,0.10977528,-0.18309984,-0.081626415,0.18065053,-0.058307514,0.06576439,0.051592745,0.31405684,0.10380772,1.0,0.34732562,-0.122681364,0.047135442,0.080369696,-0.01953321,-0.19610979,0.01174321,-0.11388927,-0.022067234,-0.27940536,0.020433098,-0.001317922,0.24109864,-0.03677582,-0.015937537,-0.0063336603,-0.23209774,0.23907503,-0.058023486,-0.036166966,0.011904124,-0.035039496,0.050178014,0.19145483,-0.005905438,-0.20860043,0.38015932,-0.035436124,-0.21034649,-0.018820332,-0.08001196,-0.20993076,0.06682126,0.05540923,-0.06953736,-0.025160052,0.024672806,0.11155488,-0.073566206,-0.015167187,0.18673411,0.03630553,-0.037067246,-0.028357016,0.19135588,-0.06438502,0.24661452,0.037002742,0.38795632,-0.17952368,-0.079742,0.026737964,0.13760373,0.10086872,-0.10887046,0.2045002,0.20576642,0.25753722,0.041228235
